Docklight Log File (HEX) - Started 28.08.2006 13:00:00.01 

28.08.2006 13:00:00.01 [RX] - 54 65 73 74 20 73 65 71 75 65 6E 63 65 20 23 3D 31 33 39 33 33 0D 0A 54 65 73 74 20 73 65 71 75 65 6E 63 65 20 23 3D 31 33 39 33 34 0D 0A 
28.08.2006 13:00:00.08 [RX] - 54 65 73 74 20 73 65 71 75 65 6E 63 65 20 23 3D 31 33 39 33 35 0D 0A 
28.08.2006 13:00:00.11 [RX] - 54 65 73 74 20 73 65 71 75 65 6E 63 65 20 23 3D 31 33 39 33 36 0D 0A 
28.08.2006 13:00:00.12 [RX] - 54 65 73 74 20 73 65 71 75 65 6E 63 65 20 
28.08.2006 13:00:00.14 [RX] - 23 3D 31 33 39 33 37 0D 0A 
28.08.2006 13:00:00.17 [RX] - 54 65 73 74 20 73 65 71 75 65 6E 63 65 20 23 3D 31 33 39 33 38 0D 0A 54 65 73 74 20 73 65 71 75 65 6E 63 65 20 23 3D 31 33 39 33 39 0D 0A 
28.08.2006 13:00:00.22 [RX] - 54 65 73 74 20 73 65 71 75 65 6E 63 65 20 23 3D 31 33 39 34 30 0D 0A 
28.08.2006 13:00:00.25 [RX] - 54 65 73 74 20 73 65 71 75 65 6E 63 65 20 23 3D 31 33 39 34 31 0D 0A 
28.08.2006 13:00:00.28 [RX] - 54 65 73 74 20 73 65 71 75 65 6E 63 65 20 23 3D 31 33 39 34 32 0D 0A 
28.08.2006 13:00:00.31 [RX] - 54 65 73 74 20 73 65 71 75 65 6E 63 65 20 23 3D 31 33 39 34 33 0D 0A 
28.08.2006 13:00:00.34 [RX] - 54 65 73 74 20 73 65 71 75 65 6E 63 65 20 23 3D 31 33 39 34 34 0D 0A 
28.08.2006 13:00:00.37 [RX] - 54 65 73 74 20 73 65 71 75 65 6E 63 65 20 23 3D 31 33 39 34 35 0D 0A 
28.08.2006 13:00:00.40 [RX] - 54 65 73 74 20 73 65 71 75 65 6E 63 65 20 23 3D 31 33 39 34 36 0D 0A 
28.08.2006 13:00:00.44 [RX] - 54 65 73 74 20 73 65 71 75 65 6E 63 65 20 23 3D 31 33 39 34 37 0D 0A 
28.08.2006 13:00:00.47 [RX] - 54 65 73 74 20 73 65 71 75 65 6E 63 65 20 23 3D 31 33 39 34 38 0D 0A 
28.08.2006 13:00:00.50 [RX] - 54 65 73 74 20 73 65 71 75 65 6E 63 65 20 23 3D 31 33 39 34 39 0D 0A 
28.08.2006 13:00:00.53 [RX] - 54 65 73 74 20 73 65 71 75 65 6E 63 65 20 23 3D 31 33 39 35 30 0D 0A 
28.08.2006 13:00:00.56 [RX] - 54 65 73 74 20 73 65 71 75 65 6E 63 65 20 23 3D 31 33 39 35 31 0D 0A 
28.08.2006 13:00:00.59 [RX] - 54 65 73 74 20 73 65 71 75 65 6E 63 65 20 23 3D 31 33 39 35 32 0D 0A 
28.08.2006 13:00:00.62 [RX] - 54 65 73 74 20 73 65 71 75 65 6E 63 65 20 23 3D 31 33 39 35 33 0D 0A 
28.08.2006 13:00:00.65 [RX] - 54 65 73 74 20 73 65 71 75 65 6E 63 65 20 23 3D 31 33 39 35 34 0D 0A 
28.08.2006 13:00:00.69 [RX] - 54 65 73 74 20 73 65 71 75 65 6E 63 65 20 23 3D 31 33 39 35 35 0D 0A 
28.08.2006 13:00:00.72 [RX] - 54 65 73 74 20 73 65 71 75 65 6E 63 65 20 23 3D 31 33 39 35 36 0D 0A 
28.08.2006 13:00:00.75 [RX] - 54 65 73 74 20 73 65 71 75 65 6E 63 65 20 23 3D 31 33 39 35 37 0D 0A 
28.08.2006 13:00:00.78 [RX] - 54 65 73 74 20 73 65 71 75 65 6E 63 65 20 23 3D 31 33 39 35 38 0D 0A 
28.08.2006 13:00:00.81 [RX] - 54 65 73 74 20 73 65 71 75 65 6E 63 65 20 23 3D 31 33 39 35 39 0D 0A 
28.08.2006 13:00:00.84 [RX] - 54 65 73 74 20 73 65 71 75 65 6E 63 65 20 23 3D 31 33 39 36 30 0D 0A 
28.08.2006 13:00:00.87 [RX] - 54 65 73 74 20 73 65 71 75 65 6E 63 65 20 23 3D 31 33 39 36 31 0D 0A 
28.08.2006 13:00:00.90 [RX] - 54 65 73 74 20 73 65 71 75 65 6E 63 65 20 23 3D 31 33 39 36 32 0D 0A 
28.08.2006 13:00:00.94 [RX] - 54 65 73 74 20 73 65 71 75 65 6E 63 65 20 23 3D 31 33 39 36 33 0D 0A 
28.08.2006 13:00:00.97 [RX] - 54 65 73 74 20 73 65 71 75 65 6E 63 65 20 23 3D 31 33 39 36 34 0D 0A 
28.08.2006 13:00:01.00 [RX] - 54 65 73 74 20 73 65 71 75 65 6E 63 65 20 23 3D 31 33 39 36 35 0D 0A 54 65 73 74 20 73 65 71 75 65 6E 63 65 20 
28.08.2006 13:00:01.03 [RX] - 23 3D 31 33 39 36 36 0D 0A 
28.08.2006 13:00:01.06 [RX] - 54 65 73 74 20 73 65 71 75 65 6E 63 65 20 23 3D 31 33 39 36 37 0D 0A 54 65 73 74 20 73 65 71 75 65 6E 63 65 20 23 3D 31 33 39 36 38 0D 0A 
28.08.2006 13:00:01.11 [RX] - 54 65 73 74 20 73 65 71 75 65 6E 63 65 20 23 3D 31 33 39 36 39 0D 0A 
28.08.2006 13:00:01.14 [RX] - 54 65 73 74 20 73 65 71 75 65 6E 63 65 20 23 3D 31 33 39 37 30 0D 0A 
28.08.2006 13:00:01.17 [RX] - 54 65 73 74 20 73 65 71 75 65 6E 63 65 20 23 3D 31 33 39 37 31 0D 0A 54 65 73 74 20 73 65 71 75 65 6E 63 65 20 
28.08.2006 13:00:01.20 [RX] - 23 3D 31 33 39 37 32 0D 0A 
28.08.2006 13:00:01.23 [RX] - 54 65 73 74 20 73 65 71 75 65 6E 63 65 20 23 3D 31 33 39 37 33 0D 0A 
28.08.2006 13:00:01.25 [RX] - 54 65 73 74 20 73 65 71 75 65 6E 63 65 20 23 3D 31 33 39 37 34 0D 0A 
28.08.2006 13:00:01.28 [RX] - 54 65 73 74 20 73 65 71 75 65 6E 63 65 20 23 3D 31 33 39 37 35 0D 0A 
28.08.2006 13:00:01.31 [RX] - 54 65 73 74 20 73 65 71 75 65 6E 63 65 20 23 3D 31 33 39 37 36 0D 0A 
28.08.2006 13:00:01.33 [RX] - 54 65 73 74 20 73 65 71 75 65 6E 63 65 20 23 3D 31 33 39 37 37 0D 0A 54 65 73 74 20 73 65 71 75 65 6E 63 65 20 23 3D 31 33 39 37 38 0D 0A 
28.08.2006 13:00:01.39 [RX] - 54 65 73 74 20 73 65 71 75 65 6E 63 65 20 23 3D 31 33 39 37 39 0D 0A 
28.08.2006 13:00:01.42 [RX] - 54 65 73 74 20 73 65 71 75 65 6E 63 65 20 23 3D 31 33 39 38 30 0D 0A 54 65 73 74 20 73 65 71 75 65 6E 63 65 20 
28.08.2006 13:00:01.45 [RX] - 23 3D 31 33 39 38 31 0D 0A 
28.08.2006 13:00:01.48 [RX] - 54 65 73 74 20 73 65 71 75 65 6E 63 65 20 23 3D 31 33 39 38 32 0D 0A 
28.08.2006 13:00:01.50 [RX] - 54 65 73 74 20 73 65 71 75 65 6E 63 65 20 23 3D 31 33 39 38 33 0D 0A 
28.08.2006 13:00:01.53 [RX] - 54 65 73 74 20 73 65 71 75 65 6E 63 65 20 23 3D 31 33 39 38 34 0D 0A 54 65 73 74 20 73 65 71 75 65 6E 63 65 20 
28.08.2006 13:00:01.56 [RX] - 23 3D 31 33 39 38 35 0D 0A 54 65 73 74 20 73 65 71 75 65 6E 63 65 20 23 3D 31 33 39 38 36 0D 0A 
28.08.2006 13:00:01.61 [RX] - 54 65 73 74 20 73 65 71 75 65 6E 63 65 20 23 3D 31 33 39 38 37 0D 0A 
28.08.2006 13:00:01.64 [RX] - 54 65 73 74 20 73 65 71 75 65 6E 63 65 20 23 3D 31 33 39 38 38 0D 0A 54 65 73 74 20 73 65 71 75 65 6E 63 65 20 
28.08.2006 13:00:01.67 [RX] - 23 3D 31 33 39 38 39 0D 0A 
28.08.2006 13:00:01.69 [RX] - 54 65 73 74 20 73 65 71 75 65 6E 63 65 20 23 3D 31 33 39 39 30 0D 0A 54 65 73 74 20 73 65 71 75 65 6E 63 65 20 23 3D 31 33 39 39 31 0D 0A 
28.08.2006 13:00:01.75 [RX] - 54 65 73 74 20 73 65 71 75 65 6E 63 65 20 23 3D 31 33 39 39 32 0D 0A 
28.08.2006 13:00:01.78 [RX] - 54 65 73 74 20 73 65 71 75 65 6E 63 65 20 23 3D 31 33 39 39 33 0D 0A 
28.08.2006 13:00:01.81 [RX] - 54 65 73 74 20 73 65 71 75 65 6E 63 65 20 23 3D 31 33 39 39 34 0D 0A 54 65 73 74 20 73 65 71 75 65 6E 63 65 20 23 3D 31 33 39 39 35 0D 0A 
28.08.2006 13:00:01.86 [RX] - 54 65 73 74 20 73 65 71 75 65 6E 63 65 20 23 3D 31 33 39 39 36 0D 0A 
28.08.2006 13:00:01.89 [RX] - 54 65 73 74 20 73 65 71 75 65 6E 63 65 20 23 3D 31 33 39 39 37 0D 0A 
28.08.2006 13:00:01.92 [RX] - 54 65 73 74 20 73 65 71 75 65 6E 63 65 20 23 3D 31 33 39 39 38 0D 0A 
28.08.2006 13:00:01.95 [RX] - 54 65 73 74 20 73 65 71 75 65 6E 63 65 20 23 3D 31 33 39 39 39 0D 0A 
28.08.2006 13:00:01.98 [RX] - 54 65 73 74 20 73 65 71 75 65 6E 63 65 20 23 3D 31 34 30 30 30 0D 0A 
28.08.2006 13:00:02.01 [RX] - 54 65 73 74 20 73 65 71 75 65 6E 63 65 20 23 3D 31 34 30 30 31 0D 0A 
28.08.2006 13:00:02.04 [RX] - 54 65 73 74 20 73 65 71 75 65 6E 63 65 20 
28.08.2006 13:00:02.04 [RX] - 23 3D 31 34 30 30 32 0D 0A 54 65 73 74 20 73 65 71 75 65 6E 63 65 20 23 3D 31 34 30 30 33 0D 0A 
28.08.2006 13:00:02.11 [RX] - 54 65 73 74 20 73 65 71 75 65 6E 63 65 20 23 3D 31 34 30 30 34 0D 0A 
28.08.2006 13:00:02.12 [RX] - 54 65 73 74 20 73 65 71 75 65 6E 63 65 20 
28.08.2006 13:00:02.14 [RX] - 23 3D 31 34 30 30 35 0D 0A 
28.08.2006 13:00:02.17 [RX] - 54 65 73 74 20 73 65 71 75 65 6E 63 65 20 23 3D 31 34 30 30 36 0D 0A 
28.08.2006 13:00:02.20 [RX] - 54 65 73 74 20 73 65 71 75 65 6E 63 65 20 23 3D 31 34 30 30 37 0D 0A 
28.08.2006 13:00:02.23 [RX] - 54 65 73 74 20 73 65 71 75 65 6E 63 65 20 23 3D 31 34 30 30 38 0D 0A 
28.08.2006 13:00:02.37 [RX] - 54 65 73 74 20 73 65 71 75 65 6E 63 65 20 23 3D 31 34 30 30 39 0D 0A 54 65 73 74 20 73 65 71 75 65 6E 63 65 20 23 3D 31 34 30 31 30 0D 0A 54 65 73 74 20 73 65 71 75 65 6E 63 65 20 23 3D 31 34 30 31 31 0D 0A 54 65 73 74 20 73 65 71 75 65 6E 63 65 20 23 3D 31 34 30 31 32 0D 0A 54 65 73 74 20 73 65 71 75 65 6E 63 65 20 23 3D 31 34 30 31 33 0D 0A 
28.08.2006 13:00:02.40 [RX] - 54 65 73 74 20 73 65 71 75 65 6E 63 65 20 23 3D 31 34 30 31 34 0D 0A 54 65 73 74 20 73 65 71 75 65 6E 63 65 20 23 3D 31 34 30 31 35 0D 0A 
28.08.2006 13:00:02.47 [RX] - 54 65 73 74 20 73 65 71 75 65 6E 63 65 20 23 3D 31 34 30 31 36 0D 0A 
28.08.2006 13:00:02.50 [RX] - 54 65 73 74 20 73 65 71 75 65 6E 63 65 20 23 3D 31 34 30 31 37 0D 0A 
28.08.2006 13:00:02.53 [RX] - 54 65 73 74 20 73 65 71 75 65 6E 63 65 20 23 3D 31 34 30 31 38 0D 0A 
28.08.2006 13:00:02.56 [RX] - 54 65 73 74 20 73 65 71 75 65 6E 63 65 20 23 3D 31 34 30 31 39 0D 0A 
28.08.2006 13:00:02.59 [RX] - 54 65 73 74 20 73 65 71 75 65 6E 63 65 20 23 3D 31 34 30 32 30 0D 0A 
28.08.2006 13:00:02.62 [RX] - 54 65 73 74 20 73 65 71 75 65 6E 63 65 20 23 3D 31 34 30 32 31 0D 0A 
28.08.2006 13:00:02.65 [RX] - 54 65 73 74 20 73 65 71 75 65 6E 63 65 20 23 3D 31 34 30 32 32 0D 0A 
28.08.2006 13:00:02.69 [RX] - 54 65 73 74 20 73 65 71 75 65 6E 63 65 20 23 3D 31 34 30 32 33 0D 0A 
28.08.2006 13:00:02.72 [RX] - 54 65 73 74 20 73 65 71 75 65 6E 63 65 20 23 3D 31 34 30 32 34 0D 0A 
28.08.2006 13:00:02.73 [RX] - 54 65 73 74 20 73 65 71 75 65 6E 63 65 20 23 3D 31 34 30 32 35 0D 0A 
28.08.2006 13:00:02.76 [RX] - 54 65 73 74 20 73 65 71 75 65 6E 63 65 20 23 3D 31 34 30 32 36 0D 0A 
28.08.2006 13:00:02.78 [RX] - 54 65 73 74 20 73 65 71 75 65 6E 63 65 20 23 3D 31 34 30 32 37 0D 0A 
28.08.2006 13:00:02.83 [RX] - 54 65 73 74 20 73 65 71 75 65 6E 63 65 20 23 3D 31 34 30 32 38 0D 0A 
28.08.2006 13:00:02.86 [RX] - 54 65 73 74 20 73 65 71 75 65 6E 63 65 20 23 3D 31 34 30 32 39 0D 0A 
28.08.2006 13:00:02.89 [RX] - 54 65 73 74 20 73 65 71 75 65 6E 63 65 20 23 3D 31 34 30 33 30 0D 0A 
28.08.2006 13:00:02.92 [RX] - 54 65 73 74 20 73 65 71 75 65 6E 63 65 20 23 3D 31 34 30 33 31 0D 0A 
28.08.2006 13:00:02.95 [RX] - 54 65 73 74 20 73 65 71 75 65 6E 63 65 20 23 3D 31 34 30 33 32 0D 0A 
28.08.2006 13:00:02.98 [RX] - 54 65 73 74 20 73 65 71 75 65 6E 63 65 20 23 3D 31 34 30 33 33 0D 0A 
28.08.2006 13:00:03.01 [RX] - 54 65 73 74 20 73 65 71 75 65 6E 63 65 20 23 3D 31 34 30 33 34 0D 0A 
28.08.2006 13:00:03.04 [RX] - 54 65 73 74 20 73 65 71 75 65 6E 63 65 20 23 3D 31 34 30 33 35 0D 0A 
28.08.2006 13:00:03.06 [RX] - 54 65 73 74 20 73 65 71 75 65 6E 63 65 20 23 3D 31 34 30 33 36 0D 0A 
28.08.2006 13:00:03.09 [RX] - 54 65 73 74 20 73 65 71 75 65 6E 63 65 20 23 3D 31 34 30 33 37 0D 0A 
28.08.2006 13:00:03.12 [RX] - 54 65 73 74 20 73 65 71 75 65 6E 63 65 20 23 3D 31 34 30 33 38 0D 0A 
28.08.2006 13:00:03.15 [RX] - 54 65 73 74 20 73 65 71 75 65 6E 63 65 20 23 3D 31 34 30 33 39 0D 0A 
28.08.2006 13:00:03.19 [RX] - 54 65 73 74 20 73 65 71 75 65 6E 63 65 20 23 3D 31 34 30 34 30 0D 0A 
28.08.2006 13:00:03.20 [RX] - 54 65 73 74 20 73 65 71 75 65 6E 63 65 20 23 3D 31 34 30 34 31 0D 0A 
28.08.2006 13:00:03.23 [RX] - 54 65 73 74 20 73 65 71 75 65 6E 63 65 20 23 3D 31 34 30 34 32 0D 0A 
28.08.2006 13:00:03.25 [RX] - 54 65 73 74 20 73 65 71 75 65 6E 63 65 20 23 3D 31 34 30 34 33 0D 0A 
28.08.2006 13:00:03.28 [RX] - 54 65 73 74 20 73 65 71 75 65 6E 63 65 20 23 3D 31 34 30 34 34 0D 0A 
28.08.2006 13:00:03.31 [RX] - 54 65 73 74 20 73 65 71 75 65 6E 63 65 20 23 3D 31 34 30 34 35 0D 0A 54 65 73 74 20 73 65 71 75 65 6E 63 65 20 
28.08.2006 13:00:03.34 [RX] - 23 3D 31 34 30 34 36 0D 0A 54 65 73 74 20 73 65 71 75 65 6E 63 65 20 23 3D 31 34 30 34 37 0D 0A 
28.08.2006 13:00:03.37 [RX] - 54 65 73 74 20 73 65 71 75 65 6E 63 65 20 
28.08.2006 13:00:03.39 [RX] - 23 3D 31 34 30 34 38 0D 0A 54 65 73 74 20 73 65 71 75 65 6E 63 65 20 
28.08.2006 13:00:03.42 [RX] - 23 3D 31 34 30 34 39 0D 0A 54 65 73 74 20 73 65 71 75 65 6E 63 65 20 23 3D 31 34 30 35 30 0D 0A 
28.08.2006 13:00:03.45 [RX] - 54 65 73 74 20 73 65 71 75 65 6E 63 65 20 23 3D 31 34 30 35 31 0D 0A 
28.08.2006 13:00:03.48 [RX] - 54 65 73 74 20 73 65 71 75 65 6E 63 65 20 23 3D 31 34 30 35 32 0D 0A 
28.08.2006 13:00:03.50 [RX] - 54 65 73 74 20 73 65 71 75 65 6E 63 65 20 23 3D 31 34 30 35 33 0D 0A 
28.08.2006 13:00:03.53 [RX] - 54 65 73 74 20 73 65 71 75 65 6E 63 65 20 23 3D 31 34 30 35 34 0D 0A 
28.08.2006 13:00:03.56 [RX] - 54 65 73 74 20 73 65 71 75 65 6E 63 65 20 23 3D 31 34 30 35 35 0D 0A 54 65 73 74 20 73 65 71 75 65 6E 63 65 20 
28.08.2006 13:00:03.59 [RX] - 23 3D 31 34 30 35 36 0D 0A 54 65 73 74 20 73 65 71 75 65 6E 63 65 20 23 3D 31 34 30 35 37 0D 0A 
28.08.2006 13:00:03.62 [RX] - 54 65 73 74 20 73 65 71 75 65 6E 63 65 20 
28.08.2006 13:00:03.64 [RX] - 23 3D 31 34 30 35 38 0D 0A 54 65 73 74 20 73 65 71 75 65 6E 63 65 20 
28.08.2006 13:00:03.67 [RX] - 23 3D 31 34 30 35 39 0D 0A 54 65 73 74 20 73 65 71 75 65 6E 63 65 20 23 3D 31 34 30 36 30 0D 0A 
28.08.2006 13:00:03.70 [RX] - 54 65 73 74 20 73 65 71 75 65 6E 63 65 20 23 3D 31 34 30 36 31 0D 0A 
28.08.2006 13:00:03.73 [RX] - 54 65 73 74 20 73 65 71 75 65 6E 63 65 20 23 3D 31 34 30 36 32 0D 0A 
28.08.2006 13:00:03.76 [RX] - 54 65 73 74 20 73 65 71 75 65 6E 63 65 20 23 3D 31 34 30 36 33 0D 0A 
28.08.2006 13:00:03.79 [RX] - 54 65 73 74 20 73 65 71 75 65 6E 63 65 20 23 3D 31 34 30 36 34 0D 0A 
28.08.2006 13:00:03.83 [RX] - 54 65 73 74 20 73 65 71 75 65 6E 63 65 20 23 3D 31 34 30 36 35 0D 0A 
28.08.2006 13:00:03.86 [RX] - 54 65 73 74 20 73 65 71 75 65 6E 63 65 20 23 3D 31 34 30 36 36 0D 0A 
28.08.2006 13:00:03.89 [RX] - 54 65 73 74 20 73 65 71 75 65 6E 63 65 20 23 3D 31 34 30 36 37 0D 0A 54 65 73 74 20 73 65 71 75 65 6E 63 65 20 
28.08.2006 13:00:03.92 [RX] - 23 3D 31 34 30 36 38 0D 0A 
28.08.2006 13:00:03.95 [RX] - 54 65 73 74 20 73 65 71 75 65 6E 63 65 20 23 3D 31 34 30 36 39 0D 0A 
28.08.2006 13:00:03.98 [RX] - 54 65 73 74 20 73 65 71 75 65 6E 63 65 20 23 3D 31 34 30 37 30 0D 0A 
28.08.2006 13:00:04.00 [RX] - 54 65 73 74 20 73 65 71 75 65 6E 63 65 20 23 3D 31 34 30 37 31 0D 0A 
28.08.2006 13:00:04.03 [RX] - 54 65 73 74 20 73 65 71 75 65 6E 63 65 20 23 3D 31 34 30 37 32 0D 0A 
28.08.2006 13:00:04.06 [RX] - 54 65 73 74 20 73 65 71 75 65 6E 63 65 20 23 3D 31 34 30 37 33 0D 0A 54 65 73 74 20 73 65 71 75 65 6E 63 65 20 
28.08.2006 13:00:04.11 [RX] - 23 3D 31 34 30 37 34 0D 0A 
28.08.2006 13:00:04.12 [RX] - 54 65 73 74 20 73 65 71 75 65 6E 63 65 20 23 3D 31 34 30 37 35 0D 0A 54 65 73 74 20 73 65 71 75 65 6E 63 65 20 23 3D 31 34 30 37 36 0D 0A 
28.08.2006 13:00:04.19 [RX] - 54 65 73 74 20 73 65 71 75 65 6E 63 65 20 23 3D 31 34 30 37 37 0D 0A 
28.08.2006 13:00:04.22 [RX] - 54 65 73 74 20 73 65 71 75 65 6E 63 65 20 23 3D 31 34 30 37 38 0D 0A 
28.08.2006 13:00:04.23 [RX] - 54 65 73 74 20 73 65 71 75 65 6E 63 65 20 
28.08.2006 13:00:04.25 [RX] - 23 3D 31 34 30 37 39 0D 0A 
28.08.2006 13:00:04.28 [RX] - 54 65 73 74 20 73 65 71 75 65 6E 63 65 20 23 3D 31 34 30 38 30 0D 0A 54 65 73 74 20 73 65 71 75 65 6E 63 65 20 23 3D 31 34 30 38 31 0D 0A 
28.08.2006 13:00:04.33 [RX] - 54 65 73 74 20 73 65 71 75 65 6E 63 65 20 23 3D 31 34 30 38 32 0D 0A 
28.08.2006 13:00:04.36 [RX] - 54 65 73 74 20 73 65 71 75 65 6E 63 65 20 23 3D 31 34 30 38 33 0D 0A 
28.08.2006 13:00:04.37 [RX] - 54 65 73 74 20 73 65 71 75 65 6E 63 65 20 23 3D 31 34 30 38 34 0D 0A 
28.08.2006 13:00:04.40 [RX] - 54 65 73 74 20 73 65 71 75 65 6E 63 65 20 23 3D 31 34 30 38 35 0D 0A 
28.08.2006 13:00:04.42 [RX] - 54 65 73 74 20 73 65 71 75 65 6E 63 65 20 
28.08.2006 13:00:04.45 [RX] - 23 3D 31 34 30 38 36 0D 0A 54 65 73 74 20 73 65 71 75 65 6E 63 65 20 23 3D 31 34 30 38 37 0D 0A 
28.08.2006 13:00:04.50 [RX] - 54 65 73 74 20 73 65 71 75 65 6E 63 65 20 23 3D 31 34 30 38 38 0D 0A 54 65 73 74 20 73 65 71 75 65 6E 63 65 20 
28.08.2006 13:00:04.53 [RX] - 23 3D 31 34 30 38 39 0D 0A 54 65 73 74 20 73 65 71 75 65 6E 63 65 20 23 3D 31 34 30 39 30 0D 0A 
28.08.2006 13:00:04.58 [RX] - 54 65 73 74 20 73 65 71 75 65 6E 63 65 20 23 3D 31 34 30 39 31 0D 0A 
28.08.2006 13:00:04.59 [RX] - 54 65 73 74 20 73 65 71 75 65 6E 63 65 20 
28.08.2006 13:00:04.61 [RX] - 23 3D 31 34 30 39 32 0D 0A 
28.08.2006 13:00:04.64 [RX] - 54 65 73 74 20 73 65 71 75 65 6E 63 65 20 23 3D 31 34 30 39 33 0D 0A 
28.08.2006 13:00:04.67 [RX] - 54 65 73 74 20 73 65 71 75 65 6E 63 65 20 23 3D 31 34 30 39 34 0D 0A 54 65 73 74 20 73 65 71 75 65 6E 63 65 20 
28.08.2006 13:00:04.70 [RX] - 23 3D 31 34 30 39 35 0D 0A 
28.08.2006 13:00:04.73 [RX] - 54 65 73 74 20 73 65 71 75 65 6E 63 65 20 23 3D 31 34 30 39 36 0D 0A 
28.08.2006 13:00:04.75 [RX] - 54 65 73 74 20 73 65 71 75 65 6E 63 65 20 23 3D 31 34 30 39 37 0D 0A 
28.08.2006 13:00:04.78 [RX] - 54 65 73 74 20 73 65 71 75 65 6E 63 65 20 23 3D 31 34 30 39 38 0D 0A 54 65 73 74 20 73 65 71 75 65 6E 63 65 20 
28.08.2006 13:00:04.81 [RX] - 23 3D 31 34 30 39 39 0D 0A 
28.08.2006 13:00:04.83 [RX] - 54 65 73 74 20 73 65 71 75 65 6E 63 65 20 23 3D 31 34 31 30 30 0D 0A 
28.08.2006 13:00:04.86 [RX] - 54 65 73 74 20 73 65 71 75 65 6E 63 65 20 23 3D 31 34 31 30 31 0D 0A 
28.08.2006 13:00:04.89 [RX] - 54 65 73 74 20 73 65 71 75 65 6E 63 65 20 23 3D 31 34 31 30 32 0D 0A 
28.08.2006 13:00:04.92 [RX] - 54 65 73 74 20 73 65 71 75 65 6E 63 65 20 23 3D 31 34 31 30 33 0D 0A 
28.08.2006 13:00:04.95 [RX] - 54 65 73 74 20 73 65 71 75 65 6E 63 65 20 23 3D 31 34 31 30 34 0D 0A 
28.08.2006 13:00:04.98 [RX] - 54 65 73 74 20 73 65 71 75 65 6E 63 65 20 23 3D 31 34 31 30 35 0D 0A 
28.08.2006 13:00:05.01 [RX] - 54 65 73 74 20 73 65 71 75 65 6E 63 65 20 23 3D 31 34 31 30 36 0D 0A 
28.08.2006 13:00:05.04 [RX] - 54 65 73 74 20 73 65 71 75 65 6E 63 65 20 23 3D 31 34 31 30 37 0D 0A 
28.08.2006 13:00:05.06 [RX] - 54 65 73 74 20 73 65 71 75 65 6E 63 65 20 23 3D 31 34 31 30 38 0D 0A 
28.08.2006 13:00:05.09 [RX] - 54 65 73 74 20 73 65 71 75 65 6E 63 65 20 23 3D 31 34 31 30 39 0D 0A 54 65 73 74 20 73 65 71 75 65 6E 63 65 20 
28.08.2006 13:00:05.12 [RX] - 23 3D 31 34 31 31 30 0D 0A 
28.08.2006 13:00:05.15 [RX] - 54 65 73 74 20 73 65 71 75 65 6E 63 65 20 23 3D 31 34 31 31 31 0D 0A 
28.08.2006 13:00:05.17 [RX] - 54 65 73 74 20 73 65 71 75 65 6E 63 65 20 23 3D 31 34 31 31 32 0D 0A 
28.08.2006 13:00:05.22 [RX] - 54 65 73 74 20 73 65 71 75 65 6E 63 65 20 23 3D 31 34 31 31 33 0D 0A 
28.08.2006 13:00:05.23 [RX] - 54 65 73 74 20 73 65 71 75 65 6E 63 65 20 23 3D 31 34 31 31 34 0D 0A 
28.08.2006 13:00:05.25 [RX] - 54 65 73 74 20 73 65 71 75 65 6E 63 65 20 23 3D 31 34 31 31 35 0D 0A 
28.08.2006 13:00:05.28 [RX] - 54 65 73 74 20 73 65 71 75 65 6E 63 65 20 23 3D 31 34 31 31 36 0D 0A 54 65 73 74 20 73 65 71 75 65 6E 63 65 20 
28.08.2006 13:00:05.31 [RX] - 23 3D 31 34 31 31 37 0D 0A 54 65 73 74 20 73 65 71 75 65 6E 63 65 20 
28.08.2006 13:00:05.34 [RX] - 23 3D 31 34 31 31 38 0D 0A 54 65 73 74 20 73 65 71 75 65 6E 63 65 20 23 3D 31 34 31 31 39 0D 0A 
28.08.2006 13:00:05.37 [RX] - 54 65 73 74 20 73 65 71 75 65 6E 63 65 20 
28.08.2006 13:00:05.39 [RX] - 23 3D 31 34 31 32 30 0D 0A 54 65 73 74 20 73 65 71 75 65 6E 63 65 20 23 3D 31 34 31 32 31 0D 0A 
28.08.2006 13:00:05.42 [RX] - 54 65 73 74 20 73 65 71 75 65 6E 63 65 20 23 3D 31 34 31 32 32 0D 0A 
28.08.2006 13:00:05.45 [RX] - 54 65 73 74 20 73 65 71 75 65 6E 63 65 20 23 3D 31 34 31 32 33 0D 0A 
28.08.2006 13:00:05.48 [RX] - 54 65 73 74 20 73 65 71 75 65 6E 63 65 20 23 3D 31 34 31 32 34 0D 0A 
28.08.2006 13:00:05.50 [RX] - 54 65 73 74 20 73 65 71 75 65 6E 63 65 20 23 3D 31 34 31 32 35 0D 0A 
28.08.2006 13:00:05.53 [RX] - 54 65 73 74 20 73 65 71 75 65 6E 63 65 20 23 3D 31 34 31 32 36 0D 0A 54 65 73 74 20 73 65 71 75 65 6E 63 65 20 
28.08.2006 13:00:05.56 [RX] - 23 3D 31 34 31 32 37 0D 0A 54 65 73 74 20 73 65 71 75 65 6E 63 65 20 
28.08.2006 13:00:05.59 [RX] - 23 3D 31 34 31 32 38 0D 0A 54 65 73 74 20 73 65 71 75 65 6E 63 65 20 23 3D 31 34 31 32 39 0D 0A 
28.08.2006 13:00:05.64 [RX] - 54 65 73 74 20 73 65 71 75 65 6E 63 65 20 23 3D 31 34 31 33 30 0D 0A 54 65 73 74 20 73 65 71 75 65 6E 63 65 20 23 3D 31 34 31 33 31 0D 0A 
28.08.2006 13:00:05.67 [RX] - 54 65 73 74 20 73 65 71 75 65 6E 63 65 20 23 3D 31 34 31 33 32 0D 0A 
28.08.2006 13:00:05.70 [RX] - 54 65 73 74 20 73 65 71 75 65 6E 63 65 20 23 3D 31 34 31 33 33 0D 0A 
28.08.2006 13:00:05.73 [RX] - 54 65 73 74 20 73 65 71 75 65 6E 63 65 20 23 3D 31 34 31 33 34 0D 0A 
28.08.2006 13:00:05.75 [RX] - 54 65 73 74 20 73 65 71 75 65 6E 63 65 20 23 3D 31 34 31 33 35 0D 0A 
28.08.2006 13:00:05.79 [RX] - 54 65 73 74 20 73 65 71 75 65 6E 63 65 20 23 3D 31 34 31 33 36 0D 0A 
28.08.2006 13:00:05.81 [RX] - 54 65 73 74 20 73 65 71 75 65 6E 63 65 20 23 3D 31 34 31 33 37 0D 0A 
28.08.2006 13:00:05.84 [RX] - 54 65 73 74 20 73 65 71 75 65 6E 63 65 20 23 3D 31 34 31 33 38 0D 0A 
28.08.2006 13:00:05.87 [RX] - 54 65 73 74 20 73 65 71 75 65 6E 63 65 20 23 3D 31 34 31 33 39 0D 0A 
28.08.2006 13:00:05.90 [RX] - 54 65 73 74 20 73 65 71 75 65 6E 63 65 20 23 3D 31 34 31 34 30 0D 0A 
28.08.2006 13:00:05.92 [RX] - 54 65 73 74 20 73 65 71 75 65 6E 63 65 20 23 3D 31 34 31 34 31 0D 0A 
28.08.2006 13:00:05.97 [RX] - 54 65 73 74 20 73 65 71 75 65 6E 63 65 20 23 3D 31 34 31 34 32 0D 0A 
28.08.2006 13:00:06.00 [RX] - 54 65 73 74 20 73 65 71 75 65 6E 63 65 20 23 3D 31 34 31 34 33 0D 0A 54 65 73 74 20 73 65 71 75 65 6E 63 65 20 
28.08.2006 13:00:06.03 [RX] - 23 3D 31 34 31 34 34 0D 0A 54 65 73 74 20 73 65 71 75 65 6E 63 65 20 23 3D 31 34 31 34 35 0D 0A 
28.08.2006 13:00:06.06 [RX] - 54 65 73 74 20 73 65 71 75 65 6E 63 65 20 23 3D 31 34 31 34 36 0D 0A 
28.08.2006 13:00:06.09 [RX] - 54 65 73 74 20 73 65 71 75 65 6E 63 65 20 23 3D 31 34 31 34 37 0D 0A 
28.08.2006 13:00:06.12 [RX] - 54 65 73 74 20 73 65 71 75 65 6E 63 65 20 23 3D 31 34 31 34 38 0D 0A 
28.08.2006 13:00:06.14 [RX] - 54 65 73 74 20 73 65 71 75 65 6E 63 65 20 23 3D 31 34 31 34 39 0D 0A 
28.08.2006 13:00:06.17 [RX] - 54 65 73 74 20 73 65 71 75 65 6E 63 65 20 23 3D 31 34 31 35 30 0D 0A 54 65 73 74 20 73 65 71 75 65 6E 63 65 20 
28.08.2006 13:00:06.20 [RX] - 23 3D 31 34 31 35 31 0D 0A 54 65 73 74 20 73 65 71 75 65 6E 63 65 20 
28.08.2006 13:00:06.23 [RX] - 23 3D 31 34 31 35 32 0D 0A 
28.08.2006 13:00:06.25 [RX] - 54 65 73 74 20 73 65 71 75 65 6E 63 65 20 23 3D 31 34 31 35 33 0D 0A 54 65 73 74 20 73 65 71 75 65 6E 63 65 20 
28.08.2006 13:00:06.28 [RX] - 23 3D 31 34 31 35 34 0D 0A 54 65 73 74 20 73 65 71 75 65 6E 63 65 20 23 3D 31 34 31 35 35 0D 0A 
28.08.2006 13:00:06.31 [RX] - 54 65 73 74 20 73 65 71 75 65 6E 63 65 20 23 3D 31 34 31 35 36 0D 0A 
28.08.2006 13:00:06.34 [RX] - 54 65 73 74 20 73 65 71 75 65 6E 63 65 20 23 3D 31 34 31 35 37 0D 0A 
28.08.2006 13:00:06.37 [RX] - 54 65 73 74 20 73 65 71 75 65 6E 63 65 20 23 3D 31 34 31 35 38 0D 0A 
28.08.2006 13:00:06.39 [RX] - 54 65 73 74 20 73 65 71 75 65 6E 63 65 20 23 3D 31 34 31 35 39 0D 0A 
28.08.2006 13:00:06.42 [RX] - 54 65 73 74 20 73 65 71 75 65 6E 63 65 20 23 3D 31 34 31 36 30 0D 0A 54 65 73 74 20 73 65 71 75 65 6E 63 65 20 
28.08.2006 13:00:06.45 [RX] - 23 3D 31 34 31 36 31 0D 0A 54 65 73 74 20 73 65 71 75 65 6E 63 65 20 
28.08.2006 13:00:06.48 [RX] - 23 3D 31 34 31 36 32 0D 0A 
28.08.2006 13:00:06.50 [RX] - 54 65 73 74 20 73 65 71 75 65 6E 63 65 20 23 3D 31 34 31 36 33 0D 0A 54 65 73 74 20 73 65 71 75 65 6E 63 65 20 
28.08.2006 13:00:06.53 [RX] - 23 3D 31 34 31 36 34 0D 0A 54 65 73 74 20 73 65 71 75 65 6E 63 65 20 23 3D 31 34 31 36 35 0D 0A 
28.08.2006 13:00:06.58 [RX] - 54 65 73 74 20 73 65 71 75 65 6E 63 65 20 23 3D 31 34 31 36 36 0D 0A 
28.08.2006 13:00:06.59 [RX] - 54 65 73 74 20 73 65 71 75 65 6E 63 65 20 23 3D 31 34 31 36 37 0D 0A 
28.08.2006 13:00:06.64 [RX] - 54 65 73 74 20 73 65 71 75 65 6E 63 65 20 23 3D 31 34 31 36 38 0D 0A 54 65 73 74 20 73 65 71 75 65 6E 63 65 20 23 3D 31 34 31 36 39 0D 0A 54 65 73 74 20 73 65 71 75 65 6E 63 65 20 23 3D 31 34 31 37 30 0D 0A 54 65 73 74 20 73 65 71 75 65 6E 63 65 20 23 3D 31 34 31 37 31 0D 0A 54 65 73 74 20 73 65 71 75 65 6E 63 65 20 23 3D 31 34 31 37 32 0D 0A 
28.08.2006 13:00:06.81 [RX] - 54 65 73 74 20 73 65 71 75 65 6E 63 65 20 23 3D 31 34 31 37 33 0D 0A 54 65 73 74 20 73 65 71 75 65 6E 63 65 20 23 3D 31 34 31 37 34 0D 0A 
28.08.2006 13:00:06.86 [RX] - 54 65 73 74 20 73 65 71 75 65 6E 63 65 20 23 3D 31 34 31 37 35 0D 0A 
28.08.2006 13:00:06.89 [RX] - 54 65 73 74 20 73 65 71 75 65 6E 63 65 20 23 3D 31 34 31 37 36 0D 0A 
28.08.2006 13:00:06.92 [RX] - 54 65 73 74 20 73 65 71 75 65 6E 63 65 20 23 3D 31 34 31 37 37 0D 0A 
28.08.2006 13:00:06.94 [RX] - 54 65 73 74 20 73 65 71 75 65 6E 63 65 20 23 3D 31 34 31 37 38 0D 0A 
28.08.2006 13:00:06.98 [RX] - 54 65 73 74 20 73 65 71 75 65 6E 63 65 20 23 3D 31 34 31 37 39 0D 0A 
28.08.2006 13:00:07.01 [RX] - 54 65 73 74 20 73 65 71 75 65 6E 63 65 20 23 3D 31 34 31 38 30 0D 0A 
28.08.2006 13:00:07.03 [RX] - 54 65 73 74 20 73 65 71 75 65 6E 63 65 20 23 3D 31 34 31 38 31 0D 0A 
28.08.2006 13:00:07.06 [RX] - 54 65 73 74 20 73 65 71 75 65 6E 63 65 20 23 3D 31 34 31 38 32 0D 0A 
28.08.2006 13:00:07.09 [RX] - 54 65 73 74 20 73 65 71 75 65 6E 63 65 20 23 3D 31 34 31 38 33 0D 0A 
28.08.2006 13:00:07.12 [RX] - 54 65 73 74 20 73 65 71 75 65 6E 63 65 20 23 3D 31 34 31 38 34 0D 0A 
28.08.2006 13:00:07.14 [RX] - 54 65 73 74 20 73 65 71 75 65 6E 63 65 20 23 3D 31 34 31 38 35 0D 0A 
28.08.2006 13:00:07.19 [RX] - 54 65 73 74 20 73 65 71 75 65 6E 63 65 20 23 3D 31 34 31 38 36 0D 0A 
28.08.2006 13:00:07.22 [RX] - 54 65 73 74 20 73 65 71 75 65 6E 63 65 20 23 3D 31 34 31 38 37 0D 0A 
28.08.2006 13:00:07.23 [RX] - 54 65 73 74 20 73 65 71 75 65 6E 63 65 20 
28.08.2006 13:00:07.25 [RX] - 23 3D 31 34 31 38 38 0D 0A 
28.08.2006 13:00:07.28 [RX] - 54 65 73 74 20 73 65 71 75 65 6E 63 65 20 23 3D 31 34 31 38 39 0D 0A 
28.08.2006 13:00:07.31 [RX] - 54 65 73 74 20 73 65 71 75 65 6E 63 65 20 23 3D 31 34 31 39 30 0D 0A 54 65 73 74 20 73 65 71 75 65 6E 63 65 20 23 3D 31 34 31 39 31 0D 0A 
28.08.2006 13:00:07.36 [RX] - 54 65 73 74 20 73 65 71 75 65 6E 63 65 20 23 3D 31 34 31 39 32 0D 0A 
28.08.2006 13:00:07.39 [RX] - 54 65 73 74 20 73 65 71 75 65 6E 63 65 20 23 3D 31 34 31 39 33 0D 0A 
28.08.2006 13:00:07.42 [RX] - 54 65 73 74 20 73 65 71 75 65 6E 63 65 20 23 3D 31 34 31 39 34 0D 0A 
28.08.2006 13:00:07.44 [RX] - 54 65 73 74 20 73 65 71 75 65 6E 63 65 20 23 3D 31 34 31 39 35 0D 0A 54 65 73 74 20 73 65 71 75 65 6E 63 65 20 23 3D 31 34 31 39 36 0D 0A 
28.08.2006 13:00:07.50 [RX] - 54 65 73 74 20 73 65 71 75 65 6E 63 65 20 23 3D 31 34 31 39 37 0D 0A 
28.08.2006 13:00:07.53 [RX] - 54 65 73 74 20 73 65 71 75 65 6E 63 65 20 23 3D 31 34 31 39 38 0D 0A 
28.08.2006 13:00:07.56 [RX] - 54 65 73 74 20 73 65 71 75 65 6E 63 65 20 23 3D 31 34 31 39 39 0D 0A 
28.08.2006 13:00:07.58 [RX] - 54 65 73 74 20 73 65 71 75 65 6E 63 65 20 23 3D 31 34 32 30 30 0D 0A 
28.08.2006 13:00:07.61 [RX] - 54 65 73 74 20 73 65 71 75 65 6E 63 65 20 23 3D 31 34 32 30 31 0D 0A 
28.08.2006 13:00:07.65 [RX] - 54 65 73 74 20 73 65 71 75 65 6E 63 65 20 23 3D 31 34 32 30 32 0D 0A 
28.08.2006 13:00:07.67 [RX] - 54 65 73 74 20 73 65 71 75 65 6E 63 65 20 23 3D 31 34 32 30 33 0D 0A 
28.08.2006 13:00:07.70 [RX] - 54 65 73 74 20 73 65 71 75 65 6E 63 65 20 23 3D 31 34 32 30 34 0D 0A 54 65 73 74 20 73 65 71 75 65 6E 63 65 20 
28.08.2006 13:00:07.73 [RX] - 23 3D 31 34 32 30 35 0D 0A 
28.08.2006 13:00:07.76 [RX] - 54 65 73 74 20 73 65 71 75 65 6E 63 65 20 23 3D 31 34 32 30 36 0D 0A 
28.08.2006 13:00:07.78 [RX] - 54 65 73 74 20 73 65 71 75 65 6E 63 65 20 23 3D 31 34 32 30 37 0D 0A 
28.08.2006 13:00:07.81 [RX] - 54 65 73 74 20 73 65 71 75 65 6E 63 65 20 23 3D 31 34 32 30 38 0D 0A 54 65 73 74 20 73 65 71 75 65 6E 63 65 20 
28.08.2006 13:00:07.84 [RX] - 23 3D 31 34 32 30 39 0D 0A 
28.08.2006 13:00:07.87 [RX] - 54 65 73 74 20 73 65 71 75 65 6E 63 65 20 23 3D 31 34 32 31 30 0D 0A 
28.08.2006 13:00:07.89 [RX] - 54 65 73 74 20 73 65 71 75 65 6E 63 65 20 23 3D 31 34 32 31 31 0D 0A 
28.08.2006 13:00:07.94 [RX] - 54 65 73 74 20 73 65 71 75 65 6E 63 65 20 23 3D 31 34 32 31 32 0D 0A 
28.08.2006 13:00:07.97 [RX] - 54 65 73 74 20 73 65 71 75 65 6E 63 65 20 23 3D 31 34 32 31 33 0D 0A 
28.08.2006 13:00:07.98 [RX] - 54 65 73 74 20 73 65 71 75 65 6E 63 65 20 23 3D 31 34 32 31 34 0D 0A 
28.08.2006 13:00:08.01 [RX] - 54 65 73 74 20 73 65 71 75 65 6E 63 65 20 23 3D 31 34 32 31 35 0D 0A 
28.08.2006 13:00:08.03 [RX] - 54 65 73 74 20 73 65 71 75 65 6E 63 65 20 23 3D 31 34 32 31 36 0D 0A 
28.08.2006 13:00:08.08 [RX] - 54 65 73 74 20 73 65 71 75 65 6E 63 65 20 23 3D 31 34 32 31 37 0D 0A 
28.08.2006 13:00:08.09 [RX] - 54 65 73 74 20 73 65 71 75 65 6E 63 65 20 23 3D 31 34 32 31 38 0D 0A 
28.08.2006 13:00:08.14 [RX] - 54 65 73 74 20 73 65 71 75 65 6E 63 65 20 23 3D 31 34 32 31 39 0D 0A 
28.08.2006 13:00:08.17 [RX] - 54 65 73 74 20 73 65 71 75 65 6E 63 65 20 23 3D 31 34 32 32 30 0D 0A 
28.08.2006 13:00:08.19 [RX] - 54 65 73 74 20 73 65 71 75 65 6E 63 65 20 23 3D 31 34 32 32 31 0D 0A 54 65 73 74 20 73 65 71 75 65 6E 63 65 20 23 3D 31 34 32 32 32 0D 0A 
28.08.2006 13:00:08.25 [RX] - 54 65 73 74 20 73 65 71 75 65 6E 63 65 20 23 3D 31 34 32 32 33 0D 0A 54 65 73 74 20 73 65 71 75 65 6E 63 65 20 23 3D 31 34 32 32 34 0D 0A 
28.08.2006 13:00:08.29 [RX] - 54 65 73 74 20 73 65 71 75 65 6E 63 65 20 23 3D 31 34 32 32 35 0D 0A 
28.08.2006 13:00:08.31 [RX] - 54 65 73 74 20 73 65 71 75 65 6E 63 65 20 23 3D 31 34 32 32 36 0D 0A 
28.08.2006 13:00:08.34 [RX] - 54 65 73 74 20 73 65 71 75 65 6E 63 65 20 23 3D 31 34 32 32 37 0D 0A 
28.08.2006 13:00:08.39 [RX] - 54 65 73 74 20 73 65 71 75 65 6E 63 65 20 23 3D 31 34 32 32 38 0D 0A 54 65 73 74 20 73 65 71 75 65 6E 63 65 20 23 3D 31 34 32 32 39 0D 0A 
28.08.2006 13:00:08.44 [RX] - 54 65 73 74 20 73 65 71 75 65 6E 63 65 20 23 3D 31 34 32 33 30 0D 0A 
28.08.2006 13:00:08.45 [RX] - 54 65 73 74 20 73 65 71 75 65 6E 63 65 20 23 3D 31 34 32 33 31 0D 0A 
28.08.2006 13:00:08.48 [RX] - 54 65 73 74 20 73 65 71 75 65 6E 63 65 20 23 3D 31 34 32 33 32 0D 0A 
28.08.2006 13:00:08.78 [RX] - 54 65 73 74 20 73 65 71 75 65 6E 63 65 20 23 3D 31 34 32 33 33 0D 0A 
28.08.2006 13:00:08.81 [RX] - 54 65 73 74 20 73 65 71 75 65 6E 63 65 20 23 3D 31 34 32 33 34 0D 0A 54 65 73 74 20 73 65 71 75 65 6E 63 65 20 23 3D 31 34 32 33 35 0D 0A 
28.08.2006 13:00:08.84 [RX] - 54 65 73 74 20 73 65 71 75 65 6E 63 65 20 23 3D 31 34 32 33 36 0D 0A 
28.08.2006 13:00:08.87 [RX] - 54 65 73 74 20 73 65 71 75 65 6E 63 65 20 
28.08.2006 13:00:08.89 [RX] - 23 3D 31 34 32 33 37 0D 0A 54 65 73 74 20 73 65 71 75 65 6E 63 65 20 23 3D 31 34 32 33 38 0D 0A 
28.08.2006 13:00:08.92 [RX] - 54 65 73 74 20 73 65 71 75 65 6E 63 65 20 23 3D 31 34 32 33 39 0D 0A 
28.08.2006 13:00:08.95 [RX] - 54 65 73 74 20 73 65 71 75 65 6E 63 65 20 23 3D 31 34 32 34 30 0D 0A 
28.08.2006 13:00:08.98 [RX] - 54 65 73 74 20 73 65 71 75 65 6E 63 65 20 23 3D 31 34 32 34 31 0D 0A 
28.08.2006 13:00:09.00 [RX] - 54 65 73 74 20 73 65 71 75 65 6E 63 65 20 23 3D 31 34 32 34 32 0D 0A 
28.08.2006 13:00:09.04 [RX] - 54 65 73 74 20 73 65 71 75 65 6E 63 65 20 23 3D 31 34 32 34 33 0D 0A 
28.08.2006 13:00:09.06 [RX] - 54 65 73 74 20 73 65 71 75 65 6E 63 65 20 23 3D 31 34 32 34 34 0D 0A 
28.08.2006 13:00:09.09 [RX] - 54 65 73 74 20 73 65 71 75 65 6E 63 65 20 23 3D 31 34 32 34 35 0D 0A 54 65 73 74 20 73 65 71 75 65 6E 63 65 20 
28.08.2006 13:00:09.12 [RX] - 23 3D 31 34 32 34 36 0D 0A 
28.08.2006 13:00:09.15 [RX] - 54 65 73 74 20 73 65 71 75 65 6E 63 65 20 23 3D 31 34 32 34 37 0D 0A 
28.08.2006 13:00:09.17 [RX] - 54 65 73 74 20 73 65 71 75 65 6E 63 65 20 23 3D 31 34 32 34 38 0D 0A 
28.08.2006 13:00:09.22 [RX] - 54 65 73 74 20 73 65 71 75 65 6E 63 65 20 23 3D 31 34 32 34 39 0D 0A 
28.08.2006 13:00:09.25 [RX] - 54 65 73 74 20 73 65 71 75 65 6E 63 65 20 23 3D 31 34 32 35 30 0D 0A 54 65 73 74 20 73 65 71 75 65 6E 63 65 20 23 3D 31 34 32 35 31 0D 0A 
28.08.2006 13:00:09.28 [RX] - 54 65 73 74 20 73 65 71 75 65 6E 63 65 20 23 3D 31 34 32 35 32 0D 0A 
28.08.2006 13:00:09.31 [RX] - 54 65 73 74 20 73 65 71 75 65 6E 63 65 20 23 3D 31 34 32 35 33 0D 0A 
28.08.2006 13:00:09.34 [RX] - 54 65 73 74 20 73 65 71 75 65 6E 63 65 20 23 3D 31 34 32 35 34 0D 0A 54 65 73 74 20 73 65 71 75 65 6E 63 65 20 
28.08.2006 13:00:09.37 [RX] - 23 3D 31 34 32 35 35 0D 0A 
28.08.2006 13:00:09.39 [RX] - 54 65 73 74 20 73 65 71 75 65 6E 63 65 20 23 3D 31 34 32 35 36 0D 0A 54 65 73 74 20 73 65 71 75 65 6E 63 65 20 
28.08.2006 13:00:09.42 [RX] - 23 3D 31 34 32 35 37 0D 0A 54 65 73 74 20 73 65 71 75 65 6E 63 65 20 
28.08.2006 13:00:09.45 [RX] - 23 3D 31 34 32 35 38 0D 0A 54 65 73 74 20 73 65 71 75 65 6E 63 65 20 23 3D 31 34 32 35 39 0D 0A 
28.08.2006 13:00:09.48 [RX] - 54 65 73 74 20 73 65 71 75 65 6E 63 65 20 
28.08.2006 13:00:09.50 [RX] - 23 3D 31 34 32 36 30 0D 0A 54 65 73 74 20 73 65 71 75 65 6E 63 65 20 23 3D 31 34 32 36 31 0D 0A 
28.08.2006 13:00:09.53 [RX] - 54 65 73 74 20 73 65 71 75 65 6E 63 65 20 23 3D 31 34 32 36 32 0D 0A 
28.08.2006 13:00:09.56 [RX] - 54 65 73 74 20 73 65 71 75 65 6E 63 65 20 23 3D 31 34 32 36 33 0D 0A 
28.08.2006 13:00:09.59 [RX] - 54 65 73 74 20 73 65 71 75 65 6E 63 65 20 23 3D 31 34 32 36 34 0D 0A 54 65 73 74 20 73 65 71 75 65 6E 63 65 20 
28.08.2006 13:00:09.62 [RX] - 23 3D 31 34 32 36 35 0D 0A 
28.08.2006 13:00:09.64 [RX] - 54 65 73 74 20 73 65 71 75 65 6E 63 65 20 23 3D 31 34 32 36 36 0D 0A 54 65 73 74 20 73 65 71 75 65 6E 63 65 20 
28.08.2006 13:00:09.67 [RX] - 23 3D 31 34 32 36 37 0D 0A 54 65 73 74 20 73 65 71 75 65 6E 63 65 20 
28.08.2006 13:00:09.70 [RX] - 23 3D 31 34 32 36 38 0D 0A 54 65 73 74 20 73 65 71 75 65 6E 63 65 20 23 3D 31 34 32 36 39 0D 0A 
28.08.2006 13:00:09.73 [RX] - 54 65 73 74 20 73 65 71 75 65 6E 63 65 20 
28.08.2006 13:00:09.75 [RX] - 23 3D 31 34 32 37 30 0D 0A 54 65 73 74 20 73 65 71 75 65 6E 63 65 20 23 3D 31 34 32 37 31 0D 0A 
28.08.2006 13:00:09.79 [RX] - 54 65 73 74 20 73 65 71 75 65 6E 63 65 20 23 3D 31 34 32 37 32 0D 0A 
28.08.2006 13:00:09.83 [RX] - 54 65 73 74 20 73 65 71 75 65 6E 63 65 20 23 3D 31 34 32 37 33 0D 0A 
28.08.2006 13:00:09.86 [RX] - 54 65 73 74 20 73 65 71 75 65 6E 63 65 20 23 3D 31 34 32 37 34 0D 0A 
28.08.2006 13:00:09.87 [RX] - 54 65 73 74 20 73 65 71 75 65 6E 63 65 20 23 3D 31 34 32 37 35 0D 0A 
28.08.2006 13:00:09.90 [RX] - 54 65 73 74 20 73 65 71 75 65 6E 63 65 20 23 3D 31 34 32 37 36 0D 0A 
28.08.2006 13:00:09.92 [RX] - 54 65 73 74 20 73 65 71 75 65 6E 63 65 20 23 3D 31 34 32 37 37 0D 0A 
28.08.2006 13:00:09.95 [RX] - 54 65 73 74 20 73 65 71 75 65 6E 63 65 20 23 3D 31 34 32 37 38 0D 0A 
28.08.2006 13:00:09.98 [RX] - 54 65 73 74 20 73 65 71 75 65 6E 63 65 20 23 3D 31 34 32 37 39 0D 0A 54 65 73 74 20 73 65 71 75 65 6E 63 65 20 23 3D 31 34 32 38 30 0D 0A 
28.08.2006 13:00:10.06 [RX] - 54 65 73 74 20 73 65 71 75 65 6E 63 65 20 23 3D 31 34 32 38 31 0D 0A 
28.08.2006 13:00:10.14 [RX] - 54 65 73 74 20 73 65 71 75 65 6E 63 65 20 23 3D 31 34 32 38 32 0D 0A 
28.08.2006 13:00:10.19 [RX] - 54 65 73 74 20 73 65 71 75 65 6E 63 65 20 23 3D 31 34 32 38 33 0D 0A 54 65 73 74 20 73 65 71 75 65 6E 63 65 20 23 3D 31 34 32 38 34 0D 0A 
28.08.2006 13:00:10.25 [RX] - 54 65 73 74 20 73 65 71 75 65 6E 63 65 20 23 3D 31 34 32 38 35 0D 0A 
28.08.2006 13:00:10.28 [RX] - 54 65 73 74 20 73 65 71 75 65 6E 63 65 20 23 3D 31 34 32 38 36 0D 0A 
28.08.2006 13:00:10.31 [RX] - 54 65 73 74 20 73 65 71 75 65 6E 63 65 20 23 3D 31 34 32 38 37 0D 0A 54 65 73 74 20 73 65 71 75 65 6E 63 65 20 23 3D 31 34 32 38 38 0D 0A 
28.08.2006 13:00:10.34 [RX] - 54 65 73 74 20 73 65 71 75 65 6E 63 65 20 23 3D 31 34 32 38 39 0D 0A 
28.08.2006 13:00:10.37 [RX] - 54 65 73 74 20 73 65 71 75 65 6E 63 65 20 
28.08.2006 13:00:10.39 [RX] - 23 3D 31 34 32 39 30 0D 0A 54 65 73 74 20 73 65 71 75 65 6E 63 65 20 23 3D 31 34 32 39 31 0D 0A 
28.08.2006 13:00:10.42 [RX] - 54 65 73 74 20 73 65 71 75 65 6E 63 65 20 23 3D 31 34 32 39 32 0D 0A 
28.08.2006 13:00:10.45 [RX] - 54 65 73 74 20 73 65 71 75 65 6E 63 65 20 23 3D 31 34 32 39 33 0D 0A 54 65 73 74 20 73 65 71 75 65 6E 63 65 20 
28.08.2006 13:00:10.48 [RX] - 23 3D 31 34 32 39 34 0D 0A 
28.08.2006 13:00:10.50 [RX] - 54 65 73 74 20 73 65 71 75 65 6E 63 65 20 23 3D 31 34 32 39 35 0D 0A 
28.08.2006 13:00:10.53 [RX] - 54 65 73 74 20 73 65 71 75 65 6E 63 65 20 23 3D 31 34 32 39 36 0D 0A 54 65 73 74 20 73 65 71 75 65 6E 63 65 20 
28.08.2006 13:00:10.56 [RX] - 23 3D 31 34 32 39 37 0D 0A 54 65 73 74 20 73 65 71 75 65 6E 63 65 20 23 3D 31 34 32 39 38 0D 0A 
28.08.2006 13:00:10.59 [RX] - 54 65 73 74 20 73 65 71 75 65 6E 63 65 20 23 3D 31 34 32 39 39 0D 0A 
28.08.2006 13:00:10.62 [RX] - 54 65 73 74 20 73 65 71 75 65 6E 63 65 20 
28.08.2006 13:00:10.64 [RX] - 23 3D 31 34 33 30 30 0D 0A 54 65 73 74 20 73 65 71 75 65 6E 63 65 20 23 3D 31 34 33 30 31 0D 0A 
28.08.2006 13:00:10.67 [RX] - 54 65 73 74 20 73 65 71 75 65 6E 63 65 20 23 3D 31 34 33 30 32 0D 0A 
28.08.2006 13:00:10.70 [RX] - 54 65 73 74 20 73 65 71 75 65 6E 63 65 20 23 3D 31 34 33 30 33 0D 0A 54 65 73 74 20 73 65 71 75 65 6E 63 65 20 
28.08.2006 13:00:10.73 [RX] - 23 3D 31 34 33 30 34 0D 0A 
28.08.2006 13:00:10.75 [RX] - 54 65 73 74 20 73 65 71 75 65 6E 63 65 20 23 3D 31 34 33 30 35 0D 0A 
28.08.2006 13:00:10.78 [RX] - 54 65 73 74 20 73 65 71 75 65 6E 63 65 20 23 3D 31 34 33 30 36 0D 0A 
28.08.2006 13:00:10.81 [RX] - 54 65 73 74 20 73 65 71 75 65 6E 63 65 20 23 3D 31 34 33 30 37 0D 0A 54 65 73 74 20 73 65 71 75 65 6E 63 65 20 23 3D 31 34 33 30 38 0D 0A 
28.08.2006 13:00:10.86 [RX] - 54 65 73 74 20 73 65 71 75 65 6E 63 65 20 23 3D 31 34 33 30 39 0D 0A 
28.08.2006 13:00:10.87 [RX] - 54 65 73 74 20 73 65 71 75 65 6E 63 65 20 
28.08.2006 13:00:10.90 [RX] - 23 3D 31 34 33 31 30 0D 0A 
28.08.2006 13:00:10.92 [RX] - 54 65 73 74 20 73 65 71 75 65 6E 63 65 20 23 3D 31 34 33 31 31 0D 0A 
28.08.2006 13:00:10.95 [RX] - 54 65 73 74 20 73 65 71 75 65 6E 63 65 20 23 3D 31 34 33 31 32 0D 0A 
28.08.2006 13:00:10.98 [RX] - 54 65 73 74 20 73 65 71 75 65 6E 63 65 20 23 3D 31 34 33 31 33 0D 0A 
28.08.2006 13:00:11.01 [RX] - 54 65 73 74 20 73 65 71 75 65 6E 63 65 20 23 3D 31 34 33 31 34 0D 0A 
28.08.2006 13:00:11.06 [RX] - 54 65 73 74 20 73 65 71 75 65 6E 63 65 20 23 3D 31 34 33 31 35 0D 0A 
28.08.2006 13:00:11.09 [RX] - 54 65 73 74 20 73 65 71 75 65 6E 63 65 20 23 3D 31 34 33 31 36 0D 0A 54 65 73 74 20 73 65 71 75 65 6E 63 65 20 23 3D 31 34 33 31 37 0D 0A 
28.08.2006 13:00:11.12 [RX] - 54 65 73 74 20 73 65 71 75 65 6E 63 65 20 
28.08.2006 13:00:11.14 [RX] - 23 3D 31 34 33 31 38 0D 0A 54 65 73 74 20 73 65 71 75 65 6E 63 65 20 
28.08.2006 13:00:11.17 [RX] - 23 3D 31 34 33 31 39 0D 0A 54 65 73 74 20 73 65 71 75 65 6E 63 65 20 23 3D 31 34 33 32 30 0D 0A 
28.08.2006 13:00:11.33 [RX] - 54 65 73 74 20 73 65 71 75 65 6E 63 65 20 23 3D 31 34 33 32 31 0D 0A 54 65 73 74 20 73 65 71 75 65 6E 63 65 20 23 3D 31 34 33 32 32 0D 0A 54 65 73 74 20 73 65 71 75 65 6E 63 65 20 23 3D 31 34 33 32 33 0D 0A 54 65 73 74 20 73 65 71 75 65 6E 63 65 20 23 3D 31 34 33 32 34 0D 0A 54 65 73 74 20 73 65 71 75 65 6E 63 65 20 23 3D 31 34 33 32 35 0D 0A 
28.08.2006 13:00:11.34 [RX] - 54 65 73 74 20 73 65 71 75 65 6E 63 65 20 23 3D 31 34 33 32 36 0D 0A 54 65 73 74 20 73 65 71 75 65 6E 63 65 20 
28.08.2006 13:00:11.37 [RX] - 23 3D 31 34 33 32 37 0D 0A 
28.08.2006 13:00:11.39 [RX] - 54 65 73 74 20 73 65 71 75 65 6E 63 65 20 23 3D 31 34 33 32 38 0D 0A 54 65 73 74 20 73 65 71 75 65 6E 63 65 20 
28.08.2006 13:00:11.42 [RX] - 23 3D 31 34 33 32 39 0D 0A 54 65 73 74 20 73 65 71 75 65 6E 63 65 20 
28.08.2006 13:00:11.45 [RX] - 23 3D 31 34 33 33 30 0D 0A 54 65 73 74 20 73 65 71 75 65 6E 63 65 20 23 3D 31 34 33 33 31 0D 0A 
28.08.2006 13:00:11.48 [RX] - 54 65 73 74 20 73 65 71 75 65 6E 63 65 20 
28.08.2006 13:00:11.50 [RX] - 23 3D 31 34 33 33 32 0D 0A 54 65 73 74 20 73 65 71 75 65 6E 63 65 20 23 3D 31 34 33 33 33 0D 0A 
28.08.2006 13:00:11.53 [RX] - 54 65 73 74 20 73 65 71 75 65 6E 63 65 20 23 3D 31 34 33 33 34 0D 0A 
28.08.2006 13:00:11.56 [RX] - 54 65 73 74 20 73 65 71 75 65 6E 63 65 20 23 3D 31 34 33 33 35 0D 0A 
28.08.2006 13:00:11.59 [RX] - 54 65 73 74 20 73 65 71 75 65 6E 63 65 20 23 3D 31 34 33 33 36 0D 0A 54 65 73 74 20 73 65 71 75 65 6E 63 65 20 
28.08.2006 13:00:11.62 [RX] - 23 3D 31 34 33 33 37 0D 0A 
28.08.2006 13:00:11.64 [RX] - 54 65 73 74 20 73 65 71 75 65 6E 63 65 20 23 3D 31 34 33 33 38 0D 0A 
28.08.2006 13:00:11.67 [RX] - 54 65 73 74 20 73 65 71 75 65 6E 63 65 20 23 3D 31 34 33 33 39 0D 0A 54 65 73 74 20 73 65 71 75 65 6E 63 65 20 
28.08.2006 13:00:11.72 [RX] - 23 3D 31 34 33 34 30 0D 0A 
28.08.2006 13:00:11.73 [RX] - 54 65 73 74 20 73 65 71 75 65 6E 63 65 20 23 3D 31 34 33 34 31 0D 0A 
28.08.2006 13:00:11.76 [RX] - 54 65 73 74 20 73 65 71 75 65 6E 63 65 20 23 3D 31 34 33 34 32 0D 0A 
28.08.2006 13:00:11.79 [RX] - 54 65 73 74 20 73 65 71 75 65 6E 63 65 20 23 3D 31 34 33 34 33 0D 0A 
28.08.2006 13:00:11.83 [RX] - 54 65 73 74 20 73 65 71 75 65 6E 63 65 20 23 3D 31 34 33 34 34 0D 0A 
28.08.2006 13:00:11.84 [RX] - 54 65 73 74 20 73 65 71 75 65 6E 63 65 20 23 3D 31 34 33 34 35 0D 0A 
28.08.2006 13:00:11.87 [RX] - 54 65 73 74 20 73 65 71 75 65 6E 63 65 20 23 3D 31 34 33 34 36 0D 0A 
28.08.2006 13:00:11.89 [RX] - 54 65 73 74 20 73 65 71 75 65 6E 63 65 20 23 3D 31 34 33 34 37 0D 0A 
28.08.2006 13:00:11.94 [RX] - 54 65 73 74 20 73 65 71 75 65 6E 63 65 20 23 3D 31 34 33 34 38 0D 0A 
28.08.2006 13:00:11.95 [RX] - 54 65 73 74 20 73 65 71 75 65 6E 63 65 20 23 3D 31 34 33 34 39 0D 0A 
28.08.2006 13:00:11.98 [RX] - 54 65 73 74 20 73 65 71 75 65 6E 63 65 20 23 3D 31 34 33 35 30 0D 0A 
28.08.2006 13:00:12.00 [RX] - 54 65 73 74 20 73 65 71 75 65 6E 63 65 20 23 3D 31 34 33 35 31 0D 0A 
28.08.2006 13:00:12.04 [RX] - 54 65 73 74 20 73 65 71 75 65 6E 63 65 20 23 3D 31 34 33 35 32 0D 0A 
28.08.2006 13:00:12.06 [RX] - 54 65 73 74 20 73 65 71 75 65 6E 63 65 20 23 3D 31 34 33 35 33 0D 0A 
28.08.2006 13:00:12.09 [RX] - 54 65 73 74 20 73 65 71 75 65 6E 63 65 20 23 3D 31 34 33 35 34 0D 0A 54 65 73 74 20 73 65 71 75 65 6E 63 65 20 
28.08.2006 13:00:12.12 [RX] - 23 3D 31 34 33 35 35 0D 0A 
28.08.2006 13:00:12.15 [RX] - 54 65 73 74 20 73 65 71 75 65 6E 63 65 20 23 3D 31 34 33 35 36 0D 0A 
28.08.2006 13:00:12.17 [RX] - 54 65 73 74 20 73 65 71 75 65 6E 63 65 20 23 3D 31 34 33 35 37 0D 0A 
28.08.2006 13:00:12.20 [RX] - 54 65 73 74 20 73 65 71 75 65 6E 63 65 20 23 3D 31 34 33 35 38 0D 0A 
28.08.2006 13:00:12.23 [RX] - 54 65 73 74 20 73 65 71 75 65 6E 63 65 20 23 3D 31 34 33 35 39 0D 0A 
28.08.2006 13:00:12.25 [RX] - 54 65 73 74 20 73 65 71 75 65 6E 63 65 20 23 3D 31 34 33 36 30 0D 0A 
28.08.2006 13:00:12.28 [RX] - 54 65 73 74 20 73 65 71 75 65 6E 63 65 20 23 3D 31 34 33 36 31 0D 0A 54 65 73 74 20 73 65 71 75 65 6E 63 65 20 
28.08.2006 13:00:12.31 [RX] - 23 3D 31 34 33 36 32 0D 0A 
28.08.2006 13:00:12.34 [RX] - 54 65 73 74 20 73 65 71 75 65 6E 63 65 20 23 3D 31 34 33 36 33 0D 0A 54 65 73 74 20 73 65 71 75 65 6E 63 65 20 23 3D 31 34 33 36 34 0D 0A 
28.08.2006 13:00:12.39 [RX] - 54 65 73 74 20 73 65 71 75 65 6E 63 65 20 23 3D 31 34 33 36 35 0D 0A 
28.08.2006 13:00:12.42 [RX] - 54 65 73 74 20 73 65 71 75 65 6E 63 65 20 23 3D 31 34 33 36 36 0D 0A 54 65 73 74 20 73 65 71 75 65 6E 63 65 20 23 3D 31 34 33 36 37 0D 0A 
28.08.2006 13:00:12.47 [RX] - 54 65 73 74 20 73 65 71 75 65 6E 63 65 20 23 3D 31 34 33 36 38 0D 0A 
28.08.2006 13:00:12.48 [RX] - 54 65 73 74 20 73 65 71 75 65 6E 63 65 20 23 3D 31 34 33 36 39 0D 0A 
28.08.2006 13:00:12.51 [RX] - 54 65 73 74 20 73 65 71 75 65 6E 63 65 20 23 3D 31 34 33 37 30 0D 0A 
28.08.2006 13:00:12.53 [RX] - 54 65 73 74 20 73 65 71 75 65 6E 63 65 20 
28.08.2006 13:00:12.56 [RX] - 23 3D 31 34 33 37 31 0D 0A 54 65 73 74 20 73 65 71 75 65 6E 63 65 20 23 3D 31 34 33 37 32 0D 0A 54 65 73 74 20 73 65 71 75 65 6E 63 65 20 23 3D 31 34 33 37 33 0D 0A 54 65 73 74 20 73 65 71 75 65 6E 63 65 20 23 3D 31 34 33 37 34 0D 0A 54 65 73 74 20 73 65 71 75 65 6E 63 65 20 23 3D 31 34 33 37 35 0D 0A 54 65 73 74 20 73 65 71 75 65 6E 63 65 20 23 3D 31 34 33 37 36 0D 0A 
28.08.2006 13:00:12.72 [RX] - 54 65 73 74 20 73 65 71 75 65 6E 63 65 20 23 3D 31 34 33 37 37 0D 0A 
28.08.2006 13:00:12.75 [RX] - 54 65 73 74 20 73 65 71 75 65 6E 63 65 20 23 3D 31 34 33 37 38 0D 0A 54 65 73 74 20 73 65 71 75 65 6E 63 65 20 
28.08.2006 13:00:12.78 [RX] - 23 3D 31 34 33 37 39 0D 0A 
28.08.2006 13:00:12.81 [RX] - 54 65 73 74 20 73 65 71 75 65 6E 63 65 20 23 3D 31 34 33 38 30 0D 0A 54 65 73 74 20 73 65 71 75 65 6E 63 65 20 
28.08.2006 13:00:12.86 [RX] - 23 3D 31 34 33 38 31 0D 0A 
28.08.2006 13:00:12.87 [RX] - 54 65 73 74 20 73 65 71 75 65 6E 63 65 20 23 3D 31 34 33 38 32 0D 0A 
28.08.2006 13:00:12.90 [RX] - 54 65 73 74 20 73 65 71 75 65 6E 63 65 20 23 3D 31 34 33 38 33 0D 0A 
28.08.2006 13:00:12.94 [RX] - 54 65 73 74 20 73 65 71 75 65 6E 63 65 20 23 3D 31 34 33 38 34 0D 0A 
28.08.2006 13:00:12.95 [RX] - 54 65 73 74 20 73 65 71 75 65 6E 63 65 20 23 3D 31 34 33 38 35 0D 0A 
28.08.2006 13:00:12.98 [RX] - 54 65 73 74 20 73 65 71 75 65 6E 63 65 20 23 3D 31 34 33 38 36 0D 0A 
28.08.2006 13:00:13.01 [RX] - 54 65 73 74 20 73 65 71 75 65 6E 63 65 20 23 3D 31 34 33 38 37 0D 0A 
28.08.2006 13:00:13.06 [RX] - 54 65 73 74 20 73 65 71 75 65 6E 63 65 20 23 3D 31 34 33 38 38 0D 0A 
28.08.2006 13:00:13.09 [RX] - 54 65 73 74 20 73 65 71 75 65 6E 63 65 20 23 3D 31 34 33 38 39 0D 0A 54 65 73 74 20 73 65 71 75 65 6E 63 65 20 23 3D 31 34 33 39 30 0D 0A 
28.08.2006 13:00:13.14 [RX] - 54 65 73 74 20 73 65 71 75 65 6E 63 65 20 23 3D 31 34 33 39 31 0D 0A 54 65 73 74 20 73 65 71 75 65 6E 63 65 20 
28.08.2006 13:00:13.17 [RX] - 23 3D 31 34 33 39 32 0D 0A 54 65 73 74 20 73 65 71 75 65 6E 63 65 20 23 3D 31 34 33 39 33 0D 0A 
28.08.2006 13:00:13.22 [RX] - 54 65 73 74 20 73 65 71 75 65 6E 63 65 20 23 3D 31 34 33 39 34 0D 0A 
28.08.2006 13:00:13.23 [RX] - 54 65 73 74 20 73 65 71 75 65 6E 63 65 20 
28.08.2006 13:00:13.26 [RX] - 23 3D 31 34 33 39 35 0D 0A 
28.08.2006 13:00:13.28 [RX] - 54 65 73 74 20 73 65 71 75 65 6E 63 65 20 23 3D 31 34 33 39 36 0D 0A 
28.08.2006 13:00:13.31 [RX] - 54 65 73 74 20 73 65 71 75 65 6E 63 65 20 23 3D 31 34 33 39 37 0D 0A 
28.08.2006 13:00:13.34 [RX] - 54 65 73 74 20 73 65 71 75 65 6E 63 65 20 23 3D 31 34 33 39 38 0D 0A 
28.08.2006 13:00:13.37 [RX] - 54 65 73 74 20 73 65 71 75 65 6E 63 65 20 23 3D 31 34 33 39 39 0D 0A 
28.08.2006 13:00:13.40 [RX] - 54 65 73 74 20 73 65 71 75 65 6E 63 65 20 23 3D 31 34 34 30 30 0D 0A 
28.08.2006 13:00:13.44 [RX] - 54 65 73 74 20 73 65 71 75 65 6E 63 65 20 23 3D 31 34 34 30 31 0D 0A 
28.08.2006 13:00:13.45 [RX] - 54 65 73 74 20 73 65 71 75 65 6E 63 65 20 23 3D 31 34 34 30 32 0D 0A 
28.08.2006 13:00:13.48 [RX] - 54 65 73 74 20 73 65 71 75 65 6E 63 65 20 23 3D 31 34 34 30 33 0D 0A 
28.08.2006 13:00:13.51 [RX] - 54 65 73 74 20 73 65 71 75 65 6E 63 65 20 23 3D 31 34 34 30 34 0D 0A 
28.08.2006 13:00:13.53 [RX] - 54 65 73 74 20 73 65 71 75 65 6E 63 65 20 
28.08.2006 13:00:13.56 [RX] - 23 3D 31 34 34 30 35 0D 0A 54 65 73 74 20 73 65 71 75 65 6E 63 65 20 23 3D 31 34 34 30 36 0D 0A 
28.08.2006 13:00:13.61 [RX] - 54 65 73 74 20 73 65 71 75 65 6E 63 65 20 23 3D 31 34 34 30 37 0D 0A 
28.08.2006 13:00:13.62 [RX] - 54 65 73 74 20 73 65 71 75 65 6E 63 65 20 23 3D 31 34 34 30 38 0D 0A 
28.08.2006 13:00:13.65 [RX] - 54 65 73 74 20 73 65 71 75 65 6E 63 65 20 23 3D 31 34 34 30 39 0D 0A 
28.08.2006 13:00:13.67 [RX] - 54 65 73 74 20 73 65 71 75 65 6E 63 65 20 23 3D 31 34 34 31 30 0D 0A 
28.08.2006 13:00:13.72 [RX] - 54 65 73 74 20 73 65 71 75 65 6E 63 65 20 23 3D 31 34 34 31 31 0D 0A 
28.08.2006 13:00:13.73 [RX] - 54 65 73 74 20 73 65 71 75 65 6E 63 65 20 23 3D 31 34 34 31 32 0D 0A 
28.08.2006 13:00:13.76 [RX] - 54 65 73 74 20 73 65 71 75 65 6E 63 65 20 23 3D 31 34 34 31 33 0D 0A 
28.08.2006 13:00:13.79 [RX] - 54 65 73 74 20 73 65 71 75 65 6E 63 65 20 23 3D 31 34 34 31 34 0D 0A 
28.08.2006 13:00:13.83 [RX] - 54 65 73 74 20 73 65 71 75 65 6E 63 65 20 23 3D 31 34 34 31 35 0D 0A 
28.08.2006 13:00:13.84 [RX] - 54 65 73 74 20 73 65 71 75 65 6E 63 65 20 23 3D 31 34 34 31 36 0D 0A 
28.08.2006 13:00:13.87 [RX] - 54 65 73 74 20 73 65 71 75 65 6E 63 65 20 23 3D 31 34 34 31 37 0D 0A 
28.08.2006 13:00:13.89 [RX] - 54 65 73 74 20 73 65 71 75 65 6E 63 65 20 23 3D 31 34 34 31 38 0D 0A 
28.08.2006 13:00:13.94 [RX] - 54 65 73 74 20 73 65 71 75 65 6E 63 65 20 23 3D 31 34 34 31 39 0D 0A 
28.08.2006 13:00:13.95 [RX] - 54 65 73 74 20 73 65 71 75 65 6E 63 65 20 23 3D 31 34 34 32 30 0D 0A 
28.08.2006 13:00:13.98 [RX] - 54 65 73 74 20 73 65 71 75 65 6E 63 65 20 23 3D 31 34 34 32 31 0D 0A 
28.08.2006 13:00:14.00 [RX] - 54 65 73 74 20 73 65 71 75 65 6E 63 65 20 
28.08.2006 13:00:14.03 [RX] - 23 3D 31 34 34 32 32 0D 0A 54 65 73 74 20 73 65 71 75 65 6E 63 65 20 23 3D 31 34 34 32 33 0D 0A 
28.08.2006 13:00:14.08 [RX] - 54 65 73 74 20 73 65 71 75 65 6E 63 65 20 23 3D 31 34 34 32 34 0D 0A 
28.08.2006 13:00:14.11 [RX] - 54 65 73 74 20 73 65 71 75 65 6E 63 65 20 23 3D 31 34 34 32 35 0D 0A 
28.08.2006 13:00:14.12 [RX] - 54 65 73 74 20 73 65 71 75 65 6E 63 65 20 23 3D 31 34 34 32 36 0D 0A 
28.08.2006 13:00:14.15 [RX] - 54 65 73 74 20 73 65 71 75 65 6E 63 65 20 23 3D 31 34 34 32 37 0D 0A 
28.08.2006 13:00:14.17 [RX] - 54 65 73 74 20 73 65 71 75 65 6E 63 65 20 23 3D 31 34 34 32 38 0D 0A 
28.08.2006 13:00:14.20 [RX] - 54 65 73 74 20 73 65 71 75 65 6E 63 65 20 23 3D 31 34 34 32 39 0D 0A 54 65 73 74 20 73 65 71 75 65 6E 63 65 20 
28.08.2006 13:00:14.23 [RX] - 23 3D 31 34 34 33 30 0D 0A 
28.08.2006 13:00:14.26 [RX] - 54 65 73 74 20 73 65 71 75 65 6E 63 65 20 23 3D 31 34 34 33 31 0D 0A 
28.08.2006 13:00:14.28 [RX] - 54 65 73 74 20 73 65 71 75 65 6E 63 65 20 23 3D 31 34 34 33 32 0D 0A 
28.08.2006 13:00:14.31 [RX] - 54 65 73 74 20 73 65 71 75 65 6E 63 65 20 23 3D 31 34 34 33 33 0D 0A 
28.08.2006 13:00:14.34 [RX] - 54 65 73 74 20 73 65 71 75 65 6E 63 65 20 23 3D 31 34 34 33 34 0D 0A 54 65 73 74 20 73 65 71 75 65 6E 63 65 20 23 3D 31 34 34 33 35 0D 0A 
28.08.2006 13:00:14.39 [RX] - 54 65 73 74 20 73 65 71 75 65 6E 63 65 20 23 3D 31 34 34 33 36 0D 0A 54 65 73 74 20 73 65 71 75 65 6E 63 65 20 23 3D 31 34 34 33 37 0D 0A 
28.08.2006 13:00:14.44 [RX] - 54 65 73 74 20 73 65 71 75 65 6E 63 65 20 23 3D 31 34 34 33 38 0D 0A 
28.08.2006 13:00:14.45 [RX] - 54 65 73 74 20 73 65 71 75 65 6E 63 65 20 
28.08.2006 13:00:14.48 [RX] - 23 3D 31 34 34 33 39 0D 0A 
28.08.2006 13:00:14.50 [RX] - 54 65 73 74 20 73 65 71 75 65 6E 63 65 20 23 3D 31 34 34 34 30 0D 0A 
28.08.2006 13:00:14.53 [RX] - 54 65 73 74 20 73 65 71 75 65 6E 63 65 20 23 3D 31 34 34 34 31 0D 0A 54 65 73 74 20 73 65 71 75 65 6E 63 65 20 
28.08.2006 13:00:14.58 [RX] - 23 3D 31 34 34 34 32 0D 0A 
28.08.2006 13:00:14.59 [RX] - 54 65 73 74 20 73 65 71 75 65 6E 63 65 20 23 3D 31 34 34 34 33 0D 0A 
28.08.2006 13:00:14.62 [RX] - 54 65 73 74 20 73 65 71 75 65 6E 63 65 20 23 3D 31 34 34 34 34 0D 0A 
28.08.2006 13:00:14.64 [RX] - 54 65 73 74 20 73 65 71 75 65 6E 63 65 20 23 3D 31 34 34 34 35 0D 0A 
28.08.2006 13:00:14.67 [RX] - 54 65 73 74 20 73 65 71 75 65 6E 63 65 20 23 3D 31 34 34 34 36 0D 0A 54 65 73 74 20 73 65 71 75 65 6E 63 65 20 
28.08.2006 13:00:14.72 [RX] - 23 3D 31 34 34 34 37 0D 0A 
28.08.2006 13:00:14.73 [RX] - 54 65 73 74 20 73 65 71 75 65 6E 63 65 20 23 3D 31 34 34 34 38 0D 0A 
28.08.2006 13:00:14.76 [RX] - 54 65 73 74 20 73 65 71 75 65 6E 63 65 20 23 3D 31 34 34 34 39 0D 0A 
28.08.2006 13:00:14.79 [RX] - 54 65 73 74 20 73 65 71 75 65 6E 63 65 20 23 3D 31 34 34 35 30 0D 0A 
28.08.2006 13:00:14.81 [RX] - 54 65 73 74 20 73 65 71 75 65 6E 63 65 20 23 3D 31 34 34 35 31 0D 0A 
28.08.2006 13:00:14.86 [RX] - 54 65 73 74 20 73 65 71 75 65 6E 63 65 20 23 3D 31 34 34 35 32 0D 0A 
28.08.2006 13:00:14.87 [RX] - 54 65 73 74 20 73 65 71 75 65 6E 63 65 20 23 3D 31 34 34 35 33 0D 0A 
28.08.2006 13:00:14.90 [RX] - 54 65 73 74 20 73 65 71 75 65 6E 63 65 20 23 3D 31 34 34 35 34 0D 0A 
28.08.2006 13:00:14.92 [RX] - 54 65 73 74 20 73 65 71 75 65 6E 63 65 20 23 3D 31 34 34 35 35 0D 0A 
28.08.2006 13:00:14.95 [RX] - 54 65 73 74 20 73 65 71 75 65 6E 63 65 20 23 3D 31 34 34 35 36 0D 0A 54 65 73 74 20 73 65 71 75 65 6E 63 65 20 
28.08.2006 13:00:14.98 [RX] - 23 3D 31 34 34 35 37 0D 0A 
28.08.2006 13:00:15.01 [RX] - 54 65 73 74 20 73 65 71 75 65 6E 63 65 20 23 3D 31 34 34 35 38 0D 0A 
28.08.2006 13:00:15.06 [RX] - 54 65 73 74 20 73 65 71 75 65 6E 63 65 20 23 3D 31 34 34 35 39 0D 0A 
28.08.2006 13:00:15.09 [RX] - 54 65 73 74 20 73 65 71 75 65 6E 63 65 20 23 3D 31 34 34 36 30 0D 0A 54 65 73 74 20 73 65 71 75 65 6E 63 65 20 23 3D 31 34 34 36 31 0D 0A 
28.08.2006 13:00:15.14 [RX] - 54 65 73 74 20 73 65 71 75 65 6E 63 65 20 23 3D 31 34 34 36 32 0D 0A 54 65 73 74 20 73 65 71 75 65 6E 63 65 20 
28.08.2006 13:00:15.19 [RX] - 23 3D 31 34 34 36 33 0D 0A 
28.08.2006 13:00:15.20 [RX] - 54 65 73 74 20 73 65 71 75 65 6E 63 65 20 23 3D 31 34 34 36 34 0D 0A 
28.08.2006 13:00:15.23 [RX] - 54 65 73 74 20 73 65 71 75 65 6E 63 65 20 23 3D 31 34 34 36 35 0D 0A 
28.08.2006 13:00:15.25 [RX] - 54 65 73 74 20 73 65 71 75 65 6E 63 65 20 23 3D 31 34 34 36 36 0D 0A 
28.08.2006 13:00:15.28 [RX] - 54 65 73 74 20 73 65 71 75 65 6E 63 65 20 23 3D 31 34 34 36 37 0D 0A 54 65 73 74 20 73 65 71 75 65 6E 63 65 20 
28.08.2006 13:00:15.31 [RX] - 23 3D 31 34 34 36 38 0D 0A 54 65 73 74 20 73 65 71 75 65 6E 63 65 20 23 3D 31 34 34 36 39 0D 0A 
28.08.2006 13:00:15.36 [RX] - 54 65 73 74 20 73 65 71 75 65 6E 63 65 20 23 3D 31 34 34 37 30 0D 0A 
28.08.2006 13:00:15.39 [RX] - 54 65 73 74 20 73 65 71 75 65 6E 63 65 20 23 3D 31 34 34 37 31 0D 0A 54 65 73 74 20 73 65 71 75 65 6E 63 65 20 23 3D 31 34 34 37 32 0D 0A 
28.08.2006 13:00:15.44 [RX] - 54 65 73 74 20 73 65 71 75 65 6E 63 65 20 23 3D 31 34 34 37 33 0D 0A 
28.08.2006 13:00:15.45 [RX] - 54 65 73 74 20 73 65 71 75 65 6E 63 65 20 
28.08.2006 13:00:15.48 [RX] - 23 3D 31 34 34 37 34 0D 0A 
28.08.2006 13:00:15.50 [RX] - 54 65 73 74 20 73 65 71 75 65 6E 63 65 20 23 3D 31 34 34 37 35 0D 0A 
28.08.2006 13:00:15.53 [RX] - 54 65 73 74 20 73 65 71 75 65 6E 63 65 20 23 3D 31 34 34 37 36 0D 0A 
28.08.2006 13:00:15.56 [RX] - 54 65 73 74 20 73 65 71 75 65 6E 63 65 20 23 3D 31 34 34 37 37 0D 0A 54 65 73 74 20 73 65 71 75 65 6E 63 65 20 23 3D 31 34 34 37 38 0D 0A 
28.08.2006 13:00:15.61 [RX] - 54 65 73 74 20 73 65 71 75 65 6E 63 65 20 23 3D 31 34 34 37 39 0D 0A 
28.08.2006 13:00:15.62 [RX] - 54 65 73 74 20 73 65 71 75 65 6E 63 65 20 
28.08.2006 13:00:15.64 [RX] - 23 3D 31 34 34 38 30 0D 0A 
28.08.2006 13:00:15.67 [RX] - 54 65 73 74 20 73 65 71 75 65 6E 63 65 20 23 3D 31 34 34 38 31 0D 0A 54 65 73 74 20 73 65 71 75 65 6E 63 65 20 23 3D 31 34 34 38 32 0D 0A 
28.08.2006 13:00:15.72 [RX] - 54 65 73 74 20 73 65 71 75 65 6E 63 65 20 23 3D 31 34 34 38 33 0D 0A 
28.08.2006 13:00:15.73 [RX] - 54 65 73 74 20 73 65 71 75 65 6E 63 65 20 23 3D 31 34 34 38 34 0D 0A 
28.08.2006 13:00:15.76 [RX] - 54 65 73 74 20 73 65 71 75 65 6E 63 65 20 23 3D 31 34 34 38 35 0D 0A 
28.08.2006 13:00:15.79 [RX] - 54 65 73 74 20 73 65 71 75 65 6E 63 65 20 23 3D 31 34 34 38 36 0D 0A 
28.08.2006 13:00:15.83 [RX] - 54 65 73 74 20 73 65 71 75 65 6E 63 65 20 23 3D 31 34 34 38 37 0D 0A 
28.08.2006 13:00:15.84 [RX] - 54 65 73 74 20 73 65 71 75 65 6E 63 65 20 23 3D 31 34 34 38 38 0D 0A 
28.08.2006 13:00:15.87 [RX] - 54 65 73 74 20 73 65 71 75 65 6E 63 65 20 23 3D 31 34 34 38 39 0D 0A 
28.08.2006 13:00:15.89 [RX] - 54 65 73 74 20 73 65 71 75 65 6E 63 65 20 23 3D 31 34 34 39 30 0D 0A 
28.08.2006 13:00:15.94 [RX] - 54 65 73 74 20 73 65 71 75 65 6E 63 65 20 23 3D 31 34 34 39 31 0D 0A 
28.08.2006 13:00:15.95 [RX] - 54 65 73 74 20 73 65 71 75 65 6E 63 65 20 23 3D 31 34 34 39 32 0D 0A 
28.08.2006 13:00:15.98 [RX] - 54 65 73 74 20 73 65 71 75 65 6E 63 65 20 23 3D 31 34 34 39 33 0D 0A 
28.08.2006 13:00:16.00 [RX] - 54 65 73 74 20 73 65 71 75 65 6E 63 65 20 23 3D 31 34 34 39 34 0D 0A 
28.08.2006 13:00:16.03 [RX] - 54 65 73 74 20 73 65 71 75 65 6E 63 65 20 23 3D 31 34 34 39 35 0D 0A 54 65 73 74 20 73 65 71 75 65 6E 63 65 20 
28.08.2006 13:00:16.08 [RX] - 23 3D 31 34 34 39 36 0D 0A 
28.08.2006 13:00:16.09 [RX] - 54 65 73 74 20 73 65 71 75 65 6E 63 65 20 23 3D 31 34 34 39 37 0D 0A 
28.08.2006 13:00:16.12 [RX] - 54 65 73 74 20 73 65 71 75 65 6E 63 65 20 23 3D 31 34 34 39 38 0D 0A 
28.08.2006 13:00:16.14 [RX] - 54 65 73 74 20 73 65 71 75 65 6E 63 65 20 
28.08.2006 13:00:16.17 [RX] - 23 3D 31 34 34 39 39 0D 0A 54 65 73 74 20 73 65 71 75 65 6E 63 65 20 23 3D 31 34 35 30 30 0D 0A 
28.08.2006 13:00:16.22 [RX] - 54 65 73 74 20 73 65 71 75 65 6E 63 65 20 23 3D 31 34 35 30 31 0D 0A 
28.08.2006 13:00:16.23 [RX] - 54 65 73 74 20 73 65 71 75 65 6E 63 65 20 23 3D 31 34 35 30 32 0D 0A 
28.08.2006 13:00:16.26 [RX] - 54 65 73 74 20 73 65 71 75 65 6E 63 65 20 23 3D 31 34 35 30 33 0D 0A 
28.08.2006 13:00:16.28 [RX] - 54 65 73 74 20 73 65 71 75 65 6E 63 65 20 23 3D 31 34 35 30 34 0D 0A 
28.08.2006 13:00:16.33 [RX] - 54 65 73 74 20 73 65 71 75 65 6E 63 65 20 23 3D 31 34 35 30 35 0D 0A 
28.08.2006 13:00:16.34 [RX] - 54 65 73 74 20 73 65 71 75 65 6E 63 65 20 23 3D 31 34 35 30 36 0D 0A 
28.08.2006 13:00:16.37 [RX] - 54 65 73 74 20 73 65 71 75 65 6E 63 65 20 23 3D 31 34 35 30 37 0D 0A 
28.08.2006 13:00:16.39 [RX] - 54 65 73 74 20 73 65 71 75 65 6E 63 65 20 
28.08.2006 13:00:16.42 [RX] - 23 3D 31 34 35 30 38 0D 0A 54 65 73 74 20 73 65 71 75 65 6E 63 65 20 23 3D 31 34 35 30 39 0D 0A 
28.08.2006 13:00:16.47 [RX] - 54 65 73 74 20 73 65 71 75 65 6E 63 65 20 23 3D 31 34 35 31 30 0D 0A 
28.08.2006 13:00:16.48 [RX] - 54 65 73 74 20 73 65 71 75 65 6E 63 65 20 23 3D 31 34 35 31 31 0D 0A 
28.08.2006 13:00:16.51 [RX] - 54 65 73 74 20 73 65 71 75 65 6E 63 65 20 23 3D 31 34 35 31 32 0D 0A 
28.08.2006 13:00:16.53 [RX] - 54 65 73 74 20 73 65 71 75 65 6E 63 65 20 23 3D 31 34 35 31 33 0D 0A 
28.08.2006 13:00:16.58 [RX] - 54 65 73 74 20 73 65 71 75 65 6E 63 65 20 23 3D 31 34 35 31 34 0D 0A 
28.08.2006 13:00:16.59 [RX] - 54 65 73 74 20 73 65 71 75 65 6E 63 65 20 23 3D 31 34 35 31 35 0D 0A 
28.08.2006 13:00:16.62 [RX] - 54 65 73 74 20 73 65 71 75 65 6E 63 65 20 23 3D 31 34 35 31 36 0D 0A 
28.08.2006 13:00:16.65 [RX] - 54 65 73 74 20 73 65 71 75 65 6E 63 65 20 23 3D 31 34 35 31 37 0D 0A 
28.08.2006 13:00:16.67 [RX] - 54 65 73 74 20 73 65 71 75 65 6E 63 65 20 23 3D 31 34 35 31 38 0D 0A 
28.08.2006 13:00:16.70 [RX] - 54 65 73 74 20 73 65 71 75 65 6E 63 65 20 23 3D 31 34 35 31 39 0D 0A 
28.08.2006 13:00:16.73 [RX] - 54 65 73 74 20 73 65 71 75 65 6E 63 65 20 23 3D 31 34 35 32 30 0D 0A 
28.08.2006 13:00:16.75 [RX] - 54 65 73 74 20 73 65 71 75 65 6E 63 65 20 23 3D 31 34 35 32 31 0D 0A 
28.08.2006 13:00:16.78 [RX] - 54 65 73 74 20 73 65 71 75 65 6E 63 65 20 23 3D 31 34 35 32 32 0D 0A 
28.08.2006 13:00:16.81 [RX] - 54 65 73 74 20 73 65 71 75 65 6E 63 65 20 23 3D 31 34 35 32 33 0D 0A 54 65 73 74 20 73 65 71 75 65 6E 63 65 20 23 3D 31 34 35 32 34 0D 0A 
28.08.2006 13:00:16.86 [RX] - 54 65 73 74 20 73 65 71 75 65 6E 63 65 20 23 3D 31 34 35 32 35 0D 0A 
28.08.2006 13:00:16.89 [RX] - 54 65 73 74 20 73 65 71 75 65 6E 63 65 20 23 3D 31 34 35 32 36 0D 0A 54 65 73 74 20 73 65 71 75 65 6E 63 65 20 23 3D 31 34 35 32 37 0D 0A 
28.08.2006 13:00:16.94 [RX] - 54 65 73 74 20 73 65 71 75 65 6E 63 65 20 23 3D 31 34 35 32 38 0D 0A 
28.08.2006 13:00:16.95 [RX] - 54 65 73 74 20 73 65 71 75 65 6E 63 65 20 23 3D 31 34 35 32 39 0D 0A 
28.08.2006 13:00:16.98 [RX] - 54 65 73 74 20 73 65 71 75 65 6E 63 65 20 23 3D 31 34 35 33 30 0D 0A 
28.08.2006 13:00:17.03 [RX] - 54 65 73 74 20 73 65 71 75 65 6E 63 65 20 23 3D 31 34 35 33 31 0D 0A 
28.08.2006 13:00:17.06 [RX] - 54 65 73 74 20 73 65 71 75 65 6E 63 65 20 23 3D 31 34 35 33 32 0D 0A 
28.08.2006 13:00:17.09 [RX] - 54 65 73 74 20 73 65 71 75 65 6E 63 65 20 23 3D 31 34 35 33 33 0D 0A 
28.08.2006 13:00:17.12 [RX] - 54 65 73 74 20 73 65 71 75 65 6E 63 65 20 23 3D 31 34 35 33 34 0D 0A 
28.08.2006 13:00:17.14 [RX] - 54 65 73 74 20 73 65 71 75 65 6E 63 65 20 23 3D 31 34 35 33 35 0D 0A 
28.08.2006 13:00:17.17 [RX] - 54 65 73 74 20 73 65 71 75 65 6E 63 65 20 23 3D 31 34 35 33 36 0D 0A 54 65 73 74 20 73 65 71 75 65 6E 63 65 20 23 3D 31 34 35 33 37 0D 0A 
28.08.2006 13:00:17.22 [RX] - 54 65 73 74 20 73 65 71 75 65 6E 63 65 20 23 3D 31 34 35 33 38 0D 0A 
28.08.2006 13:00:17.25 [RX] - 54 65 73 74 20 73 65 71 75 65 6E 63 65 20 23 3D 31 34 35 33 39 0D 0A 54 65 73 74 20 73 65 71 75 65 6E 63 65 20 23 3D 31 34 35 34 30 0D 0A 
28.08.2006 13:00:17.29 [RX] - 54 65 73 74 20 73 65 71 75 65 6E 63 65 20 23 3D 31 34 35 34 31 0D 0A 
28.08.2006 13:00:17.31 [RX] - 54 65 73 74 20 73 65 71 75 65 6E 63 65 20 23 3D 31 34 35 34 32 0D 0A 
28.08.2006 13:00:17.34 [RX] - 54 65 73 74 20 73 65 71 75 65 6E 63 65 20 23 3D 31 34 35 34 33 0D 0A 54 65 73 74 20 73 65 71 75 65 6E 63 65 20 
28.08.2006 13:00:17.37 [RX] - 23 3D 31 34 35 34 34 0D 0A 
28.08.2006 13:00:17.40 [RX] - 54 65 73 74 20 73 65 71 75 65 6E 63 65 20 23 3D 31 34 35 34 35 0D 0A 
28.08.2006 13:00:17.42 [RX] - 54 65 73 74 20 73 65 71 75 65 6E 63 65 20 23 3D 31 34 35 34 36 0D 0A 
28.08.2006 13:00:17.45 [RX] - 54 65 73 74 20 73 65 71 75 65 6E 63 65 20 23 3D 31 34 35 34 37 0D 0A 54 65 73 74 20 73 65 71 75 65 6E 63 65 20 23 3D 31 34 35 34 38 0D 0A 
28.08.2006 13:00:17.50 [RX] - 54 65 73 74 20 73 65 71 75 65 6E 63 65 20 23 3D 31 34 35 34 39 0D 0A 54 65 73 74 20 73 65 71 75 65 6E 63 65 20 
28.08.2006 13:00:17.53 [RX] - 23 3D 31 34 35 35 30 0D 0A 54 65 73 74 20 73 65 71 75 65 6E 63 65 20 23 3D 31 34 35 35 31 0D 0A 
28.08.2006 13:00:17.58 [RX] - 54 65 73 74 20 73 65 71 75 65 6E 63 65 20 23 3D 31 34 35 35 32 0D 0A 
28.08.2006 13:00:17.59 [RX] - 54 65 73 74 20 73 65 71 75 65 6E 63 65 20 23 3D 31 34 35 35 33 0D 0A 
28.08.2006 13:00:17.62 [RX] - 54 65 73 74 20 73 65 71 75 65 6E 63 65 20 23 3D 31 34 35 35 34 0D 0A 
28.08.2006 13:00:17.65 [RX] - 54 65 73 74 20 73 65 71 75 65 6E 63 65 20 23 3D 31 34 35 35 35 0D 0A 
28.08.2006 13:00:17.67 [RX] - 54 65 73 74 20 73 65 71 75 65 6E 63 65 20 23 3D 31 34 35 35 36 0D 0A 
28.08.2006 13:00:17.72 [RX] - 54 65 73 74 20 73 65 71 75 65 6E 63 65 20 23 3D 31 34 35 35 37 0D 0A 
28.08.2006 13:00:17.73 [RX] - 54 65 73 74 20 73 65 71 75 65 6E 63 65 20 23 3D 31 34 35 35 38 0D 0A 
28.08.2006 13:00:17.76 [RX] - 54 65 73 74 20 73 65 71 75 65 6E 63 65 20 23 3D 31 34 35 35 39 0D 0A 
28.08.2006 13:00:17.79 [RX] - 54 65 73 74 20 73 65 71 75 65 6E 63 65 20 23 3D 31 34 35 36 30 0D 0A 
28.08.2006 13:00:17.81 [RX] - 54 65 73 74 20 73 65 71 75 65 6E 63 65 20 23 3D 31 34 35 36 31 0D 0A 
28.08.2006 13:00:17.84 [RX] - 54 65 73 74 20 73 65 71 75 65 6E 63 65 20 23 3D 31 34 35 36 32 0D 0A 
28.08.2006 13:00:17.87 [RX] - 54 65 73 74 20 73 65 71 75 65 6E 63 65 20 23 3D 31 34 35 36 33 0D 0A 
28.08.2006 13:00:17.89 [RX] - 54 65 73 74 20 73 65 71 75 65 6E 63 65 20 23 3D 31 34 35 36 34 0D 0A 
28.08.2006 13:00:17.92 [RX] - 54 65 73 74 20 73 65 71 75 65 6E 63 65 20 23 3D 31 34 35 36 35 0D 0A 54 65 73 74 20 73 65 71 75 65 6E 63 65 20 
28.08.2006 13:00:17.95 [RX] - 23 3D 31 34 35 36 36 0D 0A 54 65 73 74 20 73 65 71 75 65 6E 63 65 20 23 3D 31 34 35 36 37 0D 0A 
28.08.2006 13:00:18.00 [RX] - 54 65 73 74 20 73 65 71 75 65 6E 63 65 20 23 3D 31 34 35 36 38 0D 0A 54 65 73 74 20 73 65 71 75 65 6E 63 65 20 
28.08.2006 13:00:18.03 [RX] - 23 3D 31 34 35 36 39 0D 0A 
28.08.2006 13:00:18.06 [RX] - 54 65 73 74 20 73 65 71 75 65 6E 63 65 20 23 3D 31 34 35 37 30 0D 0A 54 65 73 74 20 73 65 71 75 65 6E 63 65 20 23 3D 31 34 35 37 31 0D 0A 
28.08.2006 13:00:18.11 [RX] - 54 65 73 74 20 73 65 71 75 65 6E 63 65 20 23 3D 31 34 35 37 32 0D 0A 
28.08.2006 13:00:18.14 [RX] - 54 65 73 74 20 73 65 71 75 65 6E 63 65 20 23 3D 31 34 35 37 33 0D 0A 54 65 73 74 20 73 65 71 75 65 6E 63 65 20 23 3D 31 34 35 37 34 0D 0A 
28.08.2006 13:00:18.19 [RX] - 54 65 73 74 20 73 65 71 75 65 6E 63 65 20 23 3D 31 34 35 37 35 0D 0A 
28.08.2006 13:00:18.20 [RX] - 54 65 73 74 20 73 65 71 75 65 6E 63 65 20 23 3D 31 34 35 37 36 0D 0A 
28.08.2006 13:00:18.23 [RX] - 54 65 73 74 20 73 65 71 75 65 6E 63 65 20 23 3D 31 34 35 37 37 0D 0A 
28.08.2006 13:00:18.25 [RX] - 54 65 73 74 20 73 65 71 75 65 6E 63 65 20 23 3D 31 34 35 37 38 0D 0A 
28.08.2006 13:00:18.29 [RX] - 54 65 73 74 20 73 65 71 75 65 6E 63 65 20 23 3D 31 34 35 37 39 0D 0A 
28.08.2006 13:00:18.31 [RX] - 54 65 73 74 20 73 65 71 75 65 6E 63 65 20 23 3D 31 34 35 38 30 0D 0A 
28.08.2006 13:00:18.34 [RX] - 54 65 73 74 20 73 65 71 75 65 6E 63 65 20 23 3D 31 34 35 38 31 0D 0A 
28.08.2006 13:00:18.37 [RX] - 54 65 73 74 20 73 65 71 75 65 6E 63 65 20 23 3D 31 34 35 38 32 0D 0A 
28.08.2006 13:00:18.39 [RX] - 54 65 73 74 20 73 65 71 75 65 6E 63 65 20 23 3D 31 34 35 38 33 0D 0A 
28.08.2006 13:00:18.42 [RX] - 54 65 73 74 20 73 65 71 75 65 6E 63 65 20 23 3D 31 34 35 38 34 0D 0A 54 65 73 74 20 73 65 71 75 65 6E 63 65 20 23 3D 31 34 35 38 35 0D 0A 
28.08.2006 13:00:18.47 [RX] - 54 65 73 74 20 73 65 71 75 65 6E 63 65 20 23 3D 31 34 35 38 36 0D 0A 
28.08.2006 13:00:18.48 [RX] - 54 65 73 74 20 73 65 71 75 65 6E 63 65 20 
28.08.2006 13:00:18.51 [RX] - 23 3D 31 34 35 38 37 0D 0A 
28.08.2006 13:00:18.53 [RX] - 54 65 73 74 20 73 65 71 75 65 6E 63 65 20 23 3D 31 34 35 38 38 0D 0A 
28.08.2006 13:00:18.56 [RX] - 54 65 73 74 20 73 65 71 75 65 6E 63 65 20 23 3D 31 34 35 38 39 0D 0A 54 65 73 74 20 73 65 71 75 65 6E 63 65 20 23 3D 31 34 35 39 30 0D 0A 
28.08.2006 13:00:18.61 [RX] - 54 65 73 74 20 73 65 71 75 65 6E 63 65 20 23 3D 31 34 35 39 31 0D 0A 
28.08.2006 13:00:18.62 [RX] - 54 65 73 74 20 73 65 71 75 65 6E 63 65 20 
28.08.2006 13:00:18.64 [RX] - 23 3D 31 34 35 39 32 0D 0A 
28.08.2006 13:00:18.67 [RX] - 54 65 73 74 20 73 65 71 75 65 6E 63 65 20 23 3D 31 34 35 39 33 0D 0A 54 65 73 74 20 73 65 71 75 65 6E 63 65 20 23 3D 31 34 35 39 34 0D 0A 
28.08.2006 13:00:18.72 [RX] - 54 65 73 74 20 73 65 71 75 65 6E 63 65 20 23 3D 31 34 35 39 35 0D 0A 
28.08.2006 13:00:18.75 [RX] - 54 65 73 74 20 73 65 71 75 65 6E 63 65 20 23 3D 31 34 35 39 36 0D 0A 54 65 73 74 20 73 65 71 75 65 6E 63 65 20 23 3D 31 34 35 39 37 0D 0A 
28.08.2006 13:00:18.79 [RX] - 54 65 73 74 20 73 65 71 75 65 6E 63 65 20 23 3D 31 34 35 39 38 0D 0A 
28.08.2006 13:00:18.83 [RX] - 54 65 73 74 20 73 65 71 75 65 6E 63 65 20 23 3D 31 34 35 39 39 0D 0A 
28.08.2006 13:00:18.86 [RX] - 54 65 73 74 20 73 65 71 75 65 6E 63 65 20 23 3D 31 34 36 30 30 0D 0A 
28.08.2006 13:00:18.89 [RX] - 54 65 73 74 20 73 65 71 75 65 6E 63 65 20 23 3D 31 34 36 30 31 0D 0A 54 65 73 74 20 73 65 71 75 65 6E 63 65 20 23 3D 31 34 36 30 32 0D 0A 
28.08.2006 13:00:18.94 [RX] - 54 65 73 74 20 73 65 71 75 65 6E 63 65 20 23 3D 31 34 36 30 33 0D 0A 
28.08.2006 13:00:18.95 [RX] - 54 65 73 74 20 73 65 71 75 65 6E 63 65 20 23 3D 31 34 36 30 34 0D 0A 
28.08.2006 13:00:19.00 [RX] - 54 65 73 74 20 73 65 71 75 65 6E 63 65 20 23 3D 31 34 36 30 35 0D 0A 
28.08.2006 13:00:19.04 [RX] - 54 65 73 74 20 73 65 71 75 65 6E 63 65 20 23 3D 31 34 36 30 36 0D 0A 
28.08.2006 13:00:19.06 [RX] - 54 65 73 74 20 73 65 71 75 65 6E 63 65 20 
28.08.2006 13:00:19.09 [RX] - 23 3D 31 34 36 30 37 0D 0A 54 65 73 74 20 73 65 71 75 65 6E 63 65 20 23 3D 31 34 36 30 38 0D 0A 
28.08.2006 13:00:19.14 [RX] - 54 65 73 74 20 73 65 71 75 65 6E 63 65 20 23 3D 31 34 36 30 39 0D 0A 
28.08.2006 13:00:19.17 [RX] - 54 65 73 74 20 73 65 71 75 65 6E 63 65 20 23 3D 31 34 36 31 30 0D 0A 
28.08.2006 13:00:19.20 [RX] - 54 65 73 74 20 73 65 71 75 65 6E 63 65 20 23 3D 31 34 36 31 31 0D 0A 
28.08.2006 13:00:19.22 [RX] - 54 65 73 74 20 73 65 71 75 65 6E 63 65 20 23 3D 31 34 36 31 32 0D 0A 
28.08.2006 13:00:19.25 [RX] - 54 65 73 74 20 73 65 71 75 65 6E 63 65 20 23 3D 31 34 36 31 33 0D 0A 
28.08.2006 13:00:19.28 [RX] - 54 65 73 74 20 73 65 71 75 65 6E 63 65 20 23 3D 31 34 36 31 34 0D 0A 54 65 73 74 20 73 65 71 75 65 6E 63 65 20 
28.08.2006 13:00:19.31 [RX] - 23 3D 31 34 36 31 35 0D 0A 
28.08.2006 13:00:19.34 [RX] - 54 65 73 74 20 73 65 71 75 65 6E 63 65 20 23 3D 31 34 36 31 36 0D 0A 54 65 73 74 20 73 65 71 75 65 6E 63 65 20 23 3D 31 34 36 31 37 0D 0A 
28.08.2006 13:00:19.39 [RX] - 54 65 73 74 20 73 65 71 75 65 6E 63 65 20 23 3D 31 34 36 31 38 0D 0A 
28.08.2006 13:00:19.40 [RX] - 54 65 73 74 20 73 65 71 75 65 6E 63 65 20 23 3D 31 34 36 31 39 0D 0A 54 65 73 74 20 73 65 71 75 65 6E 63 65 20 23 3D 31 34 36 32 30 0D 0A 
28.08.2006 13:00:19.47 [RX] - 54 65 73 74 20 73 65 71 75 65 6E 63 65 20 23 3D 31 34 36 32 31 0D 0A 
28.08.2006 13:00:19.48 [RX] - 54 65 73 74 20 73 65 71 75 65 6E 63 65 20 
28.08.2006 13:00:19.50 [RX] - 23 3D 31 34 36 32 32 0D 0A 
28.08.2006 13:00:19.53 [RX] - 54 65 73 74 20 73 65 71 75 65 6E 63 65 20 23 3D 31 34 36 32 33 0D 0A 
28.08.2006 13:00:19.56 [RX] - 54 65 73 74 20 73 65 71 75 65 6E 63 65 20 23 3D 31 34 36 32 34 0D 0A 54 65 73 74 20 73 65 71 75 65 6E 63 65 20 23 3D 31 34 36 32 35 0D 0A 
28.08.2006 13:00:19.61 [RX] - 54 65 73 74 20 73 65 71 75 65 6E 63 65 20 23 3D 31 34 36 32 36 0D 0A 
28.08.2006 13:00:19.62 [RX] - 54 65 73 74 20 73 65 71 75 65 6E 63 65 20 
28.08.2006 13:00:19.65 [RX] - 23 3D 31 34 36 32 37 0D 0A 
28.08.2006 13:00:19.67 [RX] - 54 65 73 74 20 73 65 71 75 65 6E 63 65 20 23 3D 31 34 36 32 38 0D 0A 
28.08.2006 13:00:19.70 [RX] - 54 65 73 74 20 73 65 71 75 65 6E 63 65 20 23 3D 31 34 36 32 39 0D 0A 
28.08.2006 13:00:19.73 [RX] - 54 65 73 74 20 73 65 71 75 65 6E 63 65 20 23 3D 31 34 36 33 30 0D 0A 
28.08.2006 13:00:19.75 [RX] - 54 65 73 74 20 73 65 71 75 65 6E 63 65 20 23 3D 31 34 36 33 31 0D 0A 
28.08.2006 13:00:19.78 [RX] - 54 65 73 74 20 73 65 71 75 65 6E 63 65 20 23 3D 31 34 36 33 32 0D 0A 
28.08.2006 13:00:19.81 [RX] - 54 65 73 74 20 73 65 71 75 65 6E 63 65 20 23 3D 31 34 36 33 33 0D 0A 
28.08.2006 13:00:19.84 [RX] - 54 65 73 74 20 73 65 71 75 65 6E 63 65 20 23 3D 31 34 36 33 34 0D 0A 54 65 73 74 20 73 65 71 75 65 6E 63 65 20 23 3D 31 34 36 33 35 0D 0A 
28.08.2006 13:00:19.89 [RX] - 54 65 73 74 20 73 65 71 75 65 6E 63 65 20 23 3D 31 34 36 33 36 0D 0A 
28.08.2006 13:00:19.92 [RX] - 54 65 73 74 20 73 65 71 75 65 6E 63 65 20 23 3D 31 34 36 33 37 0D 0A 
28.08.2006 13:00:19.95 [RX] - 54 65 73 74 20 73 65 71 75 65 6E 63 65 20 23 3D 31 34 36 33 38 0D 0A 
28.08.2006 13:00:19.98 [RX] - 54 65 73 74 20 73 65 71 75 65 6E 63 65 20 23 3D 31 34 36 33 39 0D 0A 
28.08.2006 13:00:20.00 [RX] - 54 65 73 74 20 73 65 71 75 65 6E 63 65 20 23 3D 31 34 36 34 30 0D 0A 
28.08.2006 13:00:20.03 [RX] - 54 65 73 74 20 73 65 71 75 65 6E 63 65 20 23 3D 31 34 36 34 31 0D 0A 
28.08.2006 13:00:20.06 [RX] - 54 65 73 74 20 73 65 71 75 65 6E 63 65 20 23 3D 31 34 36 34 32 0D 0A 54 65 73 74 20 73 65 71 75 65 6E 63 65 20 
28.08.2006 13:00:20.11 [RX] - 23 3D 31 34 36 34 33 0D 0A 
28.08.2006 13:00:20.12 [RX] - 54 65 73 74 20 73 65 71 75 65 6E 63 65 20 23 3D 31 34 36 34 34 0D 0A 
28.08.2006 13:00:20.15 [RX] - 54 65 73 74 20 73 65 71 75 65 6E 63 65 20 23 3D 31 34 36 34 35 0D 0A 
28.08.2006 13:00:20.17 [RX] - 54 65 73 74 20 73 65 71 75 65 6E 63 65 20 23 3D 31 34 36 34 36 0D 0A 
28.08.2006 13:00:20.22 [RX] - 54 65 73 74 20 73 65 71 75 65 6E 63 65 20 23 3D 31 34 36 34 37 0D 0A 
28.08.2006 13:00:20.23 [RX] - 54 65 73 74 20 73 65 71 75 65 6E 63 65 20 23 3D 31 34 36 34 38 0D 0A 
28.08.2006 13:00:20.26 [RX] - 54 65 73 74 20 73 65 71 75 65 6E 63 65 20 23 3D 31 34 36 34 39 0D 0A 
28.08.2006 13:00:20.28 [RX] - 54 65 73 74 20 73 65 71 75 65 6E 63 65 20 
28.08.2006 13:00:20.31 [RX] - 23 3D 31 34 36 35 30 0D 0A 54 65 73 74 20 73 65 71 75 65 6E 63 65 20 23 3D 31 34 36 35 31 0D 0A 
28.08.2006 13:00:20.36 [RX] - 54 65 73 74 20 73 65 71 75 65 6E 63 65 20 23 3D 31 34 36 35 32 0D 0A 
28.08.2006 13:00:20.37 [RX] - 54 65 73 74 20 73 65 71 75 65 6E 63 65 20 23 3D 31 34 36 35 33 0D 0A 
28.08.2006 13:00:20.40 [RX] - 54 65 73 74 20 73 65 71 75 65 6E 63 65 20 23 3D 31 34 36 35 34 0D 0A 
28.08.2006 13:00:20.44 [RX] - 54 65 73 74 20 73 65 71 75 65 6E 63 65 20 23 3D 31 34 36 35 35 0D 0A 
28.08.2006 13:00:20.45 [RX] - 54 65 73 74 20 73 65 71 75 65 6E 63 65 20 23 3D 31 34 36 35 36 0D 0A 
28.08.2006 13:00:20.48 [RX] - 54 65 73 74 20 73 65 71 75 65 6E 63 65 20 23 3D 31 34 36 35 37 0D 0A 
28.08.2006 13:00:20.51 [RX] - 54 65 73 74 20 73 65 71 75 65 6E 63 65 20 23 3D 31 34 36 35 38 0D 0A 
28.08.2006 13:00:20.54 [RX] - 54 65 73 74 20 73 65 71 75 65 6E 63 65 20 23 3D 31 34 36 35 39 0D 0A 
28.08.2006 13:00:20.56 [RX] - 54 65 73 74 20 73 65 71 75 65 6E 63 65 20 23 3D 31 34 36 36 30 0D 0A 
28.08.2006 13:00:20.59 [RX] - 54 65 73 74 20 73 65 71 75 65 6E 63 65 20 23 3D 31 34 36 36 31 0D 0A 
28.08.2006 13:00:20.62 [RX] - 54 65 73 74 20 73 65 71 75 65 6E 63 65 20 23 3D 31 34 36 36 32 0D 0A 
28.08.2006 13:00:20.65 [RX] - 54 65 73 74 20 73 65 71 75 65 6E 63 65 20 23 3D 31 34 36 36 33 0D 0A 
28.08.2006 13:00:20.67 [RX] - 54 65 73 74 20 73 65 71 75 65 6E 63 65 20 23 3D 31 34 36 36 34 0D 0A 
28.08.2006 13:00:20.70 [RX] - 54 65 73 74 20 73 65 71 75 65 6E 63 65 20 23 3D 31 34 36 36 35 0D 0A 54 65 73 74 20 73 65 71 75 65 6E 63 65 20 
28.08.2006 13:00:20.73 [RX] - 23 3D 31 34 36 36 36 0D 0A 
28.08.2006 13:00:20.76 [RX] - 54 65 73 74 20 73 65 71 75 65 6E 63 65 20 23 3D 31 34 36 36 37 0D 0A 
28.08.2006 13:00:20.78 [RX] - 54 65 73 74 20 73 65 71 75 65 6E 63 65 20 23 3D 31 34 36 36 38 0D 0A 
28.08.2006 13:00:20.81 [RX] - 54 65 73 74 20 73 65 71 75 65 6E 63 65 20 23 3D 31 34 36 36 39 0D 0A 
28.08.2006 13:00:20.84 [RX] - 54 65 73 74 20 73 65 71 75 65 6E 63 65 20 23 3D 31 34 36 37 30 0D 0A 
28.08.2006 13:00:20.87 [RX] - 54 65 73 74 20 73 65 71 75 65 6E 63 65 20 23 3D 31 34 36 37 31 0D 0A 
28.08.2006 13:00:20.90 [RX] - 54 65 73 74 20 73 65 71 75 65 6E 63 65 20 23 3D 31 34 36 37 32 0D 0A 
28.08.2006 13:00:20.92 [RX] - 54 65 73 74 20 73 65 71 75 65 6E 63 65 20 23 3D 31 34 36 37 33 0D 0A 
28.08.2006 13:00:20.97 [RX] - 54 65 73 74 20 73 65 71 75 65 6E 63 65 20 23 3D 31 34 36 37 34 0D 0A 
28.08.2006 13:00:21.01 [RX] - 54 65 73 74 20 73 65 71 75 65 6E 63 65 20 23 3D 31 34 36 37 35 0D 0A 
28.08.2006 13:00:21.04 [RX] - 54 65 73 74 20 73 65 71 75 65 6E 63 65 20 23 3D 31 34 36 37 36 0D 0A 54 65 73 74 20 73 65 71 75 65 6E 63 65 20 23 3D 31 34 36 37 37 0D 0A 
28.08.2006 13:00:21.11 [RX] - 54 65 73 74 20 73 65 71 75 65 6E 63 65 20 23 3D 31 34 36 37 38 0D 0A 
28.08.2006 13:00:21.12 [RX] - 54 65 73 74 20 73 65 71 75 65 6E 63 65 20 
28.08.2006 13:00:21.14 [RX] - 23 3D 31 34 36 37 39 0D 0A 
28.08.2006 13:00:21.17 [RX] - 54 65 73 74 20 73 65 71 75 65 6E 63 65 20 23 3D 31 34 36 38 30 0D 0A 
28.08.2006 13:00:21.20 [RX] - 54 65 73 74 20 73 65 71 75 65 6E 63 65 20 23 3D 31 34 36 38 31 0D 0A 
28.08.2006 13:00:21.23 [RX] - 54 65 73 74 20 73 65 71 75 65 6E 63 65 20 23 3D 31 34 36 38 32 0D 0A 
28.08.2006 13:00:21.26 [RX] - 54 65 73 74 20 73 65 71 75 65 6E 63 65 20 23 3D 31 34 36 38 33 0D 0A 
28.08.2006 13:00:21.28 [RX] - 54 65 73 74 20 73 65 71 75 65 6E 63 65 20 23 3D 31 34 36 38 34 0D 0A 54 65 73 74 20 73 65 71 75 65 6E 63 65 20 
28.08.2006 13:00:21.31 [RX] - 23 3D 31 34 36 38 35 0D 0A 54 65 73 74 20 73 65 71 75 65 6E 63 65 20 
28.08.2006 13:00:21.34 [RX] - 23 3D 31 34 36 38 36 0D 0A 54 65 73 74 20 73 65 71 75 65 6E 63 65 20 23 3D 31 34 36 38 37 0D 0A 
28.08.2006 13:00:21.37 [RX] - 54 65 73 74 20 73 65 71 75 65 6E 63 65 20 
28.08.2006 13:00:21.39 [RX] - 23 3D 31 34 36 38 38 0D 0A 54 65 73 74 20 73 65 71 75 65 6E 63 65 20 23 3D 31 34 36 38 39 0D 0A 
28.08.2006 13:00:21.42 [RX] - 54 65 73 74 20 73 65 71 75 65 6E 63 65 20 23 3D 31 34 36 39 30 0D 0A 
28.08.2006 13:00:21.45 [RX] - 54 65 73 74 20 73 65 71 75 65 6E 63 65 20 23 3D 31 34 36 39 31 0D 0A 
28.08.2006 13:00:21.48 [RX] - 54 65 73 74 20 73 65 71 75 65 6E 63 65 20 23 3D 31 34 36 39 32 0D 0A 
28.08.2006 13:00:21.50 [RX] - 54 65 73 74 20 73 65 71 75 65 6E 63 65 20 23 3D 31 34 36 39 33 0D 0A 
28.08.2006 13:00:21.53 [RX] - 54 65 73 74 20 73 65 71 75 65 6E 63 65 20 23 3D 31 34 36 39 34 0D 0A 54 65 73 74 20 73 65 71 75 65 6E 63 65 20 
28.08.2006 13:00:21.56 [RX] - 23 3D 31 34 36 39 35 0D 0A 54 65 73 74 20 73 65 71 75 65 6E 63 65 20 
28.08.2006 13:00:21.59 [RX] - 23 3D 31 34 36 39 36 0D 0A 54 65 73 74 20 73 65 71 75 65 6E 63 65 20 23 3D 31 34 36 39 37 0D 0A 
28.08.2006 13:00:21.62 [RX] - 54 65 73 74 20 73 65 71 75 65 6E 63 65 20 
28.08.2006 13:00:21.64 [RX] - 23 3D 31 34 36 39 38 0D 0A 54 65 73 74 20 73 65 71 75 65 6E 63 65 20 23 3D 31 34 36 39 39 0D 0A 
28.08.2006 13:00:21.67 [RX] - 54 65 73 74 20 73 65 71 75 65 6E 63 65 20 23 3D 31 34 37 30 30 0D 0A 
28.08.2006 13:00:21.70 [RX] - 54 65 73 74 20 73 65 71 75 65 6E 63 65 20 23 3D 31 34 37 30 31 0D 0A 
28.08.2006 13:00:21.73 [RX] - 54 65 73 74 20 73 65 71 75 65 6E 63 65 20 23 3D 31 34 37 30 32 0D 0A 
28.08.2006 13:00:21.75 [RX] - 54 65 73 74 20 73 65 71 75 65 6E 63 65 20 23 3D 31 34 37 30 33 0D 0A 
28.08.2006 13:00:21.78 [RX] - 54 65 73 74 20 73 65 71 75 65 6E 63 65 20 23 3D 31 34 37 30 34 0D 0A 
28.08.2006 13:00:21.83 [RX] - 54 65 73 74 20 73 65 71 75 65 6E 63 65 20 23 3D 31 34 37 30 35 0D 0A 
28.08.2006 13:00:21.84 [RX] - 54 65 73 74 20 73 65 71 75 65 6E 63 65 20 23 3D 31 34 37 30 36 0D 0A 
28.08.2006 13:00:21.87 [RX] - 54 65 73 74 20 73 65 71 75 65 6E 63 65 20 23 3D 31 34 37 30 37 0D 0A 
28.08.2006 13:00:21.89 [RX] - 54 65 73 74 20 73 65 71 75 65 6E 63 65 20 23 3D 31 34 37 30 38 0D 0A 
28.08.2006 13:00:21.94 [RX] - 54 65 73 74 20 73 65 71 75 65 6E 63 65 20 23 3D 31 34 37 30 39 0D 0A 
28.08.2006 13:00:21.95 [RX] - 54 65 73 74 20 73 65 71 75 65 6E 63 65 20 23 3D 31 34 37 31 30 0D 0A 
28.08.2006 13:00:21.98 [RX] - 54 65 73 74 20 73 65 71 75 65 6E 63 65 20 23 3D 31 34 37 31 31 0D 0A 
28.08.2006 13:00:22.00 [RX] - 54 65 73 74 20 73 65 71 75 65 6E 63 65 20 23 3D 31 34 37 31 32 0D 0A 
28.08.2006 13:00:22.03 [RX] - 54 65 73 74 20 73 65 71 75 65 6E 63 65 20 23 3D 31 34 37 31 33 0D 0A 54 65 73 74 20 73 65 71 75 65 6E 63 65 20 
28.08.2006 13:00:22.06 [RX] - 23 3D 31 34 37 31 34 0D 0A 
28.08.2006 13:00:22.09 [RX] - 54 65 73 74 20 73 65 71 75 65 6E 63 65 20 23 3D 31 34 37 31 35 0D 0A 
28.08.2006 13:00:22.12 [RX] - 54 65 73 74 20 73 65 71 75 65 6E 63 65 20 23 3D 31 34 37 31 36 0D 0A 
28.08.2006 13:00:22.15 [RX] - 54 65 73 74 20 73 65 71 75 65 6E 63 65 20 23 3D 31 34 37 31 37 0D 0A 

Docklight Log File (HEX) - Stopped 28.08.2006 13:00:22.19 

