VERSION
7

COMMSETTINGS
0
6
2
19200
2
63
4
0
0

COMMDISPLAY
0

SEND
0
CAV/CAM/CAA/CAS/CA4 All On 
F0 7E 00 7F 00 00 70 05 02 02 00 00 F1 22 00 00 01 00 00 01 0F F7
0
5

SEND
1
E/C Series All On
F0 7E 00 7F 00 00 71 05 02 02 00 00 F1 22 00 01 00 00 00 01 10 F7
0
5

SEND
2
All Off 
F0 7E 00 7F 00 00 71 05 02 02 00 00 F1 22 00 00 00 00 00 01 0F F7
0
5

SEND
3
Zone1 On
F0 00 00 7F 00 00 71 05 02 02 00 00 F1 23 00 01 00 00 00 01 13 F7
0
5

SEND
4
Zone1 Off 
F0 00 00 7F 00 00 71 05 02 02 00 00 F1 23 00 00 00 00 00 01 12 F7
0
5

SEND
5
Zone1 Vol Up
F0 00 00 7F 00 00 71 05 02 02 00 00 7F 00 00 00 00 00 01 7C F7
0
5

SEND
6
Zone1 Vol DN
F0 00 00 7F 00 00 71 05 02 02 00 00 F1 7F 00 00 00 00 00 01 6E F7
0
5

SEND
7
Zone1 Mute
F0 00 00 7F 00 00 71 05 02 02 00 00 F1 40 00 00 00 0D 00 01 3C F7
0
5

SEND
8
Zone1 Play
F0 00 00 7F 00 00 71 05 02 02 00 00 73 00 00 00 00 00 01 70 F7
0
5

SEND
9
Zone1 Stop
F0 00 00 7F 00 00 71 05 02 02 00 00 6D 00 00 00 00 00 01 7A F7
0
5

SEND
10
Zone1 Pause
F0 00 00 7F 00 00 71 05 02 02 00 00 6E 00 00 00 00 00 01 6B F7
0
5

SEND
11
Zone1 F1
F0 00 00 7F 00 00 71 05 02 02 00 00 6F 00 00 00 00 00 01 6C F7
0
5

SEND
12
Zone1 F2
F0 00 00 7F 00 00 71 05 02 02 00 00 71 00 00 00 00 00 01 6D F7
0
5

SEND
13
Zone1 Prev
F0 00 00 7F 00 00 71 05 02 02 00 00 67 00 00 00 00 00 01 64 F7
0
5

SEND
14
Zone1 Next 
F0 00 00 7F 00 00 71 05 02 02 00 00 68 00 00 00 00 00 01 65 F7
0
5

SEND
15
Zone1 Plus
F0 00 00 7F 00 00 71 05 02 02 00 00 69 00 00 00 00 00 01 66 F7
0
5

SEND
16
Zone1 Minus
F0 00 00 7F 00 00 71 05 02 02 00 00 6A 00 00 00 00 00 01 67 F7
0
5

SEND
17
Zone1 Ch Up
F0 00 00 7F 00 00 71 05 02 02 00 00 F1 40 00 00 00 0E 00 01 3D F7
0
5

SEND
18
Zone1 Ch Dn
F0 00 00 7F 00 00 71 05 02 02 00 00 F1 40 00 00 00 0F 00 01 3E F7
0
5

SEND
19
Zone1 Srch Fwd
F0 00 00 7F 00 00 71 05 02 02 00 00 F1 40 00 00 00 1C 00 01 4B F7
0
5

SEND
20
Zone1 Srch Rev
F0 00 00 7F 00 00 71 05 02 02 00 00 F1 40 00 00 00 1D 00 01 4C F7
0
5

SEND
21
Zone1 SRC1
F0 00 00 7F 00 00 71 05 02 00 00 00 F1 3E 00 00 00 00 00 01 2B F7
0
5

SEND
22
Zone1 SRC2
F0 00 00 7F 00 00 71 05 02 00 00 00 F1 3E 00 00 00 01 00 01 2C F7
0
5

SEND
23
Zone1 SRC3
F0 00 00 7F 00 00 71 05 02 00 00 00 F1 3E 00 00 00 02 00 01 2D F7
0
5

SEND
24
Zone1 SRC4
F0 00 00 7F 00 00 71 05 02 00 00 00 F1 3E 00 00 00 03 00 01 2E F7
0
5

SEND
25
Zone1 SRC5
F0 00 00 7F 00 00 71 05 02 00 00 00 F1 3E 00 00 00 04 00 01 2F F7
0
5

SEND
26
Zone1 SRC6
F0 00 00 7F 00 00 71 05 02 00 00 00 F1 3E 00 00 00 05 00 01 3A F7
0
5

SEND
27
Zone1 SRC7
F0 00 00 7F 00 00 71 05 02 00 00 00 F1 3E 00 00 00 06 00 01 31 F7
0
5

SEND
28
Zone1 SRC8
F0 00 00 7F 00 00 71 05 02 00 00 00 F1 3E 00 00 00 07 00 01 32 F7
0
5

SEND
29
Zone1 SRC9
F0 00 00 7F 00 00 71 05 02 00 00 00 F1 3E 00 00 00 08 00 01 33 F7
0
5

SEND
30
Zone1 SRC10
F0 00 00 7F 00 00 71 05 02 00 00 00 F1 3E 00 00 00 09 00 01 34 F7
0
5

SEND
31
Zone1 SRC11
F0 00 00 7F 00 00 71 05 02 00 00 00 F1 3E 00 00 00 0A 00 01 35 F7
0
5

SEND
32
Zone1 SRC12
F0 00 00 7F 00 00 71 05 02 00 00 00 F1 3E 00 00 00 0B 00 01 36 F7
0
5

SEND
33
Zone1 Bass 
F0 00 00 7F 00 00 71 05 05 02 00 00 00 00 00 69 00 00 00 00 00 01 6C F7
0
5

SEND
34
Zone1 Bass Dn
F0 00 00 7F 00 00 71 05 05 02 00 00 00 00 00 6A 00 00 00 00 00 01 6D F7
0
5

SEND
35
Zone1 Treb Up
F0 00 00 7F 00 00 71 05 05 02 00 00 00 01 00 69 00 00 00 00 00 01 6D F7
0
5

SEND
36
Zone1 Treb Dn
F0 00 00 7F 00 00 71 05 05 02 00 00 00 01 00 6A 00 00 00 00 00 01 6E F7
0
5

SEND
37
Zone1 Loud On
F0 00 00 7F 00 00 71 00 05 02 00 00 00 02 00 00 00 01 00 01 00 01 02 F7
0
5

SEND
38
Zone1 Loud Off
F0 00 00 7F 00 00 71 00 05 02 00 00 00 02 00 00 00 01 00 01 00 00 01 F7
0
5

SEND
39
Zone1 More Left
F0 00 00 7F 00 00 71 05 05 02 00 00 00 03 00 6A 00 00 00 00 00 01 7A F7
0
5

SEND
40
Zone1 Center
F0 00 00 7F 00 00 71 00 05 02 00 00 00 03 00 00 00 01 00 01 00 0A 0C F7
0
5

SEND
41
Zone1 More Right
F0 00 00 7F 00 00 71 05 05 02 00 00 00 03 00 69 00 00 00 00 00 01 6F F7
0
5

SEND
42
Zone1 DND On 
F0 00 00 7F 00 00 71 00 05 02 00 00 00 06 00 00 00 01 00 01 00 01 06 F7
0
5

SEND
43
Zone1 DND Off
F0 00 00 7F 00 00 71 00 05 02 00 00 00 06 00 00 00 01 00 01 00 00 05 F7
0
5

SEND
44
Zone1 Party Mode On
F0 00 00 7F 00 00 71 00 05 02 00 00 00 07 00 00 00 01 00 01 00 01 07 F7
0
5

SEND
45
Zone1 Party Mode Off
F0 00 00 7F 00 00 71 00 05 02 00 00 00 07 00 00 00 01 00 01 00 00 06 F7
0
5

SEND
46
Zone1 BG Green
F0 00 00 7F 00 00 71 00 05 02 00 00 00 05 00 00 00 01 00 01 00 02 06 F7
0
5

SEND
47
Zone1 BG Amber
F0 00 00 7F 00 00 71 00 05 02 00 00 00 05 00 00 00 01 00 01 00 01 05 F7
0
5

SEND
48
Zone1 1 Button
F0 00 00 7F 00 00 71 05 02 02 00 00 F1 40 00 00 00 01 00 01 3A F7
0
5

SEND
49
Zone1 2 Button
F0 00 00 7F 00 00 71 05 02 02 00 00 F1 40 00 00 00 02 00 01 31 F7
0
5

SEND
50
Zone1 3 Button
F0 00 00 7F 00 00 71 05 02 02 00 00 F1 40 00 00 00 03 00 01 32 F7
0
5

SEND
51
Zone1 4 Button
F0 00 00 7F 00 00 71 05 02 02 00 00 F1 40 00 00 00 04 00 01 33 F7
0
5

SEND
52
Zone1 5 Button
F0 00 00 7F 00 00 71 05 02 02 00 00 F1 40 00 00 00 05 00 01 34 F7
0
5

SEND
53
Zone1 6 Button
F0 00 00 7F 00 00 71 05 02 02 00 00 F1 40 00 00 00 06 00 01 35 F7
0
5

SEND
54
Zone1 7 Button
F0 00 00 7F 00 00 71 05 02 02 00 00 F1 40 00 00 00 07 00 01 36 F7
0
5

SEND
55
Zone1 8 Button
F0 00 00 7F 00 00 71 05 02 02 00 00 F1 40 00 00 00 08 00 01 37 F7
0
5

SEND
56
Zone1 9 Button
F0 00 00 7F 00 00 71 05 02 02 00 00 F1 40 00 00 00 09 00 01 38 F7
0
5

SEND
57
Zone1 0 Button
F0 00 00 7F 00 00 71 05 02 02 00 00 F1 40 00 00 00 0A 00 01 39 F7
0
5

SEND
58
Zone1 Enter
F0 00 00 7F 00 00 71 05 02 02 00 00 F1 40 00 00 00 11 00 01 4A F7
0
5

SEND
59
Zone1 Prev Chn
F0 00 00 7F 00 00 71 05 02 02 00 00 F1 40 00 00 00 12 00 01 41 F7
0
5

SEND
60
Zone1 Tv/Vid
F0 00 00 7F 00 00 71 05 02 02 00 00 F1 40 00 00 00 13 00 01 42 F7
0
5

SEND
61
Zone1 Tv/VCR
F0 00 00 7F 00 00 71 05 02 02 00 00 F1 40 00 00 00 14 00 01 43 F7
0
5

SEND
62
Zone1 A/B
F0 00 00 7F 00 00 71 05 02 02 00 00 F1 40 00 00 00 15 00 01 44 F7
0
5

SEND
63
Zone1 Tv/DVD
F0 00 00 7F 00 00 71 05 02 02 00 00 F1 40 00 00 00 16 00 01 45 F7
0
5

SEND
64
Zone1 Tv/LD
F0 00 00 7F 00 00 71 05 02 02 00 00 F1 40 00 00 00 17 00 01 46 F7
0
5

SEND
65
Zone1 Input
F0 00 00 7F 00 00 71 05 02 02 00 00 F1 40 00 00 00 18 00 01 47 F7
0
5

SEND
66
Zone1 Tv/DSS
F0 00 00 7F 00 00 71 05 02 02 00 00 F1 40 00 00 00 19 00 01 48 F7
0
5

SEND
67
Zone1 Record
F0 00 00 7F 00 00 71 05 02 02 00 00 F1 40 00 00 00 1F 00 01 4E F7
0
5

SEND
68
Zone1 Menu
F0 00 00 7F 00 00 71 05 02 02 00 00 F1 40 00 00 00 20 00 01 4F F7
0
5

SEND
69
Zone1 Menu Up
F0 00 00 7F 00 00 71 05 02 02 00 00 F1 40 00 00 00 21 00 01 50 F7
0
5

SEND
70
Zone1 Menu Dn
F0 00 00 7F 00 00 71 05 02 02 00 00 F1 40 00 00 00 22 00 01 51 F7
0
5

SEND
71
Zone1 Menu Lft
F0 00 00 7F 00 00 71 05 02 02 00 00 F1 40 00 00 00 23 00 01 52 F7
0
5

SEND
72
Zone1 Menu Rt
F0 00 00 7F 00 00 71 05 02 02 00 00 F1 40 00 00 00 24 00 01 53 F7
0
5

SEND
73
Zone1 Select
F0 00 00 7F 00 00 71 05 02 02 00 00 F1 40 00 00 00 25 00 01 54 F7
0
5

SEND
74
Zone1 Exit
F0 00 00 7F 00 00 71 05 02 02 00 00 F1 40 00 00 00 26 00 01 55 F7
0
5

SEND
75
Zone1 Display
F0 00 00 7F 00 00 71 05 02 02 00 00 F1 40 00 00 00 27 00 01 56 F7
0
5

SEND
76
Zone1 Guide
F0 00 00 7F 00 00 71 05 02 02 00 00 F1 40 00 00 00 28 00 01 57 F7
0
5

SEND
77
Zone1 Page Up
F0 00 00 7F 00 00 71 05 02 02 00 00 F1 40 00 00 00 29 00 01 58 F7
0
5

SEND
78
Zone1 Page Dn
F0 00 00 7F 00 00 71 05 02 02 00 00 F1 40 00 00 00 2A 00 01 59 F7
0
5

SEND
79
Zone1 Disk
F0 00 00 7F 00 00 71 05 02 02 00 00 F1 40 00 00 00 2B 00 01 5A F7
0
5

SEND
80
Zone1 Plus 10
F0 00 00 7F 00 00 71 05 02 02 00 00 F1 40 00 00 00 2C 00 01 5B F7
0
5

SEND
81
Zone1 Open/Close
F0 00 00 7F 00 00 71 05 02 02 00 00 F1 40 00 00 00 2D 00 01 5C F7
0
5

SEND
82
Zone1 Random
F0 00 00 7F 00 00 71 05 02 02 00 00 F1 40 00 00 00 2E 00 01 5D F7
0
5

SEND
83
Zone1 Tggl Surrnd
F0 00 00 7F 00 00 71 05 02 02 00 00 F1 40 00 00 00 31 00 01 60 F7
0
5

SEND
84
Zone1 Surrnd Mode
F0 00 00 7F 00 00 71 05 02 02 00 00 F1 40 00 00 00 32 00 01 61 F7
0
5

SEND
85
Zone1 Surrnd Up
F0 00 00 7F 00 00 71 05 02 02 00 00 F1 40 00 00 00 33 00 01 62 F7
0
5

SEND
86
Zone1 Surrnd Dn
F0 00 00 7F 00 00 71 05 02 02 00 00 F1 40 00 00 00 34 00 01 63 F7
0
5

SEND
87
Zone1 PIP
F0 00 00 7F 00 00 71 05 02 02 00 00 F1 40 00 00 00 35 00 01 64 F7
0
5

SEND
88
Zone1 PIP Move
F0 00 00 7F 00 00 71 05 02 02 00 00 F1 40 00 00 00 36 00 01 65 F7
0
5

SEND
89
Zone1 PIP Swap
F0 00 00 7F 00 00 71 05 02 02 00 00 F1 40 00 00 00 37 00 01 66 F7
0
5

SEND
90
Zone1 Program
F0 00 00 7F 00 00 71 05 02 02 00 00 F1 40 00 00 00 38 00 01 67 F7
0
5

SEND
91
Zone1 Sleep
F0 00 00 7F 00 00 71 05 02 02 00 00 F1 40 00 00 00 39 00 01 68 F7
0
5

SEND
92
Zone1 On
F0 00 00 7F 00 00 71 05 02 02 00 00 F1 40 00 00 00 3A 00 01 69 F7
0
5

SEND
93
Zone1 Off
F0 00 00 7F 00 00 71 05 02 02 00 00 F1 40 00 00 00 3B 00 01 70 F7
0
5

SEND
94
Zone1 Am/Fm
F0 00 00 7F 00 00 71 05 02 02 00 00 F1 40 00 00 00 47 00 01 76 F7
0
5

SEND
95
Zone1 Cue
F0 00 00 7F 00 00 71 05 02 02 00 00 F1 40 00 00 00 48 00 01 77 F7
0
5

SEND
96
Zone1 Disk Up
F0 00 00 7F 00 00 71 05 02 02 00 00 F1 40 00 00 00 49 00 01 78 F7
0
5

SEND
97
Zone1 Disk Dn
F0 00 00 7F 00 00 71 05 02 02 00 00 F1 40 00 00 00 4A 00 01 79 F7
0
5

SEND
98
Zone1 Info
F0 00 00 7F 00 00 71 05 02 02 00 00 F1 40 00 00 00 4B 00 01 80 F7
0
5

SEND
99
Zone1 Power
F0 00 00 7F 00 00 71 05 02 02 00 00 F1 40 00 00 00 10 00 01 3F F7
0
5

SEND
100
Zone1 Bright
F0 00 00 7F 00 00 71 05 02 02 00 00 F1 40 00 00 00 42 00 01 71 F7
0
5

SEND
101
Zone1 Dim
F0 00 00 7F 00 00 71 05 02 02 00 00 F1 40 00 00 00 43 00 01 72 F7
0
5

SEND
102
Zone1 Stop2
F0 00 00 7F 00 00 71 05 02 02 00 00 F1 40 00 00 00 46 00 01 75 F7
0
5

SEND
103
Zone2 On
F0 00 00 7F 00 00 71 05 02 02 00 00 F1 23 00 01 00 01 00 01 14 F7
0
5

SEND
104
Zone2 Off 
F0 00 00 7F 00 00 71 05 02 02 00 00 F1 23 00 00 00 01 00 01 13 F7
0
5

SEND
105
Zone2 Vol Up	
F0 00 00 7F 00 01 71 05 02 02 00 00 7F 00 00 00 00 00 01 7D F7
0
5

SEND
106
Zone2 Vol DN	
F0 00 00 7F 00 01 71 05 02 02 00 00 F1 7F 00 00 00 00 00 01 6F F7
0
5

SEND
107
Zone2 Mute
F0 00 00 7F 00 01 71 05 02 02 00 00 F1 40 00 00 00 0D 00 01 3D F7
0
5

SEND
108
Zone2 Play
F0 00 00 7F 00 01 71 05 02 02 00 00 73 00 00 00 00 00 01 71 F7
0
5

SEND
109
Zone2 Stop
F0 00 00 7F 00 01 71 05 02 02 00 00 6D 00 00 00 00 00 01 6B F7
0
5

SEND
110
Zone2 Pause
F0 00 00 7F 00 01 71 05 02 02 00 00 6E 00 00 00 00 00 01 6C F7
0
5

SEND
111
Zone2 F1
F0 00 00 7F 00 01 71 05 02 02 00 00 6F 00 00 00 00 00 01 6D F7
0
5

SEND
112
Zone2 F2
F0 00 00 7F 00 01 71 05 02 02 00 00 71 00 00 00 00 00 01 6E F7
0
5

SEND
113
Zone2 Prev
F0 00 00 7F 00 01 71 05 02 02 00 00 67 00 00 00 00 00 01 65 F7
0
5

SEND
114
Zone2 Next
F0 00 00 7F 00 01 71 05 02 02 00 00 68 00 00 00 00 00 01 66 F7
0
5

SEND
115
Zone2 Plus
F0 00 00 7F 00 01 71 05 02 02 00 00 69 00 00 00 00 00 01 67 F7
0
5

SEND
116
Zone2 Minus
F0 00 00 7F 00 01 71 05 02 02 00 00 6A 00 00 00 00 00 01 68 F7
0
5

SEND
117
Zone2 Ch Up
F0 00 00 7F 00 01 71 05 02 02 00 00 F1 40 00 00 00 0E 00 01 3E F7
0
5

SEND
118
Zone2 Ch Dn
F0 00 00 7F 00 01 71 05 02 02 00 00 F1 40 00 00 00 0F 00 01 3F F7
0
5

SEND
119
Zone2 Srch Fwd
F0 00 00 7F 00 01 71 05 02 02 00 00 F1 40 00 00 00 1C 00 01 4C F7
0
5

SEND
120
Zone2 Srch Rev
F0 00 00 7F 00 01 71 05 02 02 00 00 F1 40 00 00 00 1D 00 01 4D F7
0
5

SEND
121
Zone2 SRC1
F0 00 00 7F 00 01 71 05 02 00 00 00 F1 3E 00 00 00 00 00 01 2C F7
0
5

SEND
122
Zone2 SRC2
F0 00 00 7F 00 01 71 05 02 00 00 00 F1 3E 00 00 00 01 00 01 2D F7
0
5

SEND
123
Zone2 SRC3
F0 00 00 7F 00 01 71 05 02 00 00 00 F1 3E 00 00 00 02 00 01 2E F7
0
5

SEND
124
Zone2 SRC4
F0 00 00 7F 00 01 71 05 02 00 00 00 F1 3E 00 00 00 03 00 01 2F F7
0
5

SEND
125
Zone2 SRC5
F0 00 00 7F 00 01 71 05 02 00 00 00 F1 3E 00 00 00 04 00 01 30 F7
0
5

SEND
126
Zone2 SRC6
F0 00 00 7F 00 01 71 05 02 00 00 00 F1 3E 00 00 00 05 00 01 31 F7
0
5

SEND
127
Zone2 SRC7
F0 00 00 7F 00 01 71 05 02 00 00 00 F1 3E 00 00 00 06 00 01 32 F7
0
5

SEND
128
Zone2 SRC8
F0 00 00 7F 00 01 71 05 02 00 00 00 F1 3E 00 00 00 07 00 01 33 F7
0
5

SEND
129
Zone2 SRC9
F0 00 00 7F 00 01 71 05 02 00 00 00 F1 3E 00 00 00 08 00 01 34 F7
0
5

SEND
130
Zone2 SRC10
F0 00 00 7F 00 01 71 05 02 00 00 00 F1 3E 00 00 00 09 00 01 35 F7
0
5

SEND
131
Zone2 SRC11
F0 00 00 7F 00 01 71 05 02 00 00 00 F1 3E 00 00 00 0A 00 01 36 F7
0
5

SEND
132
Zone2 SRC12
F0 00 00 7F 00 01 71 05 02 00 00 00 F1 3E 00 00 00 0B 00 01 37 F7
0
5

SEND
133
Zone2 Bass Up
F0 00 00 7F 00 00 71 05 05 02 00 01 00 00 00 69 00 00 00 00 00 01 6D F7
0
5

SEND
134
Zone2 Bass Dn
F0 00 00 7F 00 00 71 05 05 02 00 01 00 00 00 6A 00 00 00 00 00 01 6E F7
0
5

SEND
135
Zone2 Treb Up
F0 00 00 7F 00 00 71 05 05 02 00 01 00 01 00 69 00 00 00 00 00 01 6E F7
0
5

SEND
136
Zone2 Treb Dn
F0 00 00 7F 00 00 71 05 05 02 00 01 00 01 00 6A 00 00 00 00 00 01 6F F7
0
5

SEND
137
Zone2 Loud On
F0 00 00 7F 00 00 71 00 05 02 00 01 00 02 00 00 00 01 00 01 00 01 03 F7
0
5

SEND
138
Zone2 Loud Off
F0 00 00 7F 00 00 71 00 05 02 00 01 00 02 00 00 00 01 00 01 00 00 02 F7
0
5

SEND
139
Zone2 More Left
F0 00 00 7F 00 00 71 05 05 02 00 01 00 03 00 6A 00 00 00 00 00 01 71 F7
0
5

SEND
140
Zone2 Center
F0 00 00 7F 00 00 71 00 05 02 00 01 00 03 00 00 00 01 00 01 00 0A 0D F7
0
5

SEND
141
Zone2 More Right
F0 00 00 7F 00 00 71 05 05 02 00 01 00 03 00 69 00 00 00 00 00 01 70 F7
0
5

SEND
142
Zone2 DND On 
F0 00 00 7F 00 00 71 00 05 02 00 01 00 06 00 00 00 01 00 01 00 01 07 F7
0
5

SEND
143
Zone2 DND Off
F0 00 00 7F 00 00 71 00 05 02 00 01 00 06 00 00 00 01 00 01 00 00 06 F7
0
5

SEND
144
Zone2 Party Mode On	
F0 00 00 7F 00 00 71 00 05 02 00 01 00 07 00 00 00 01 00 01 00 01 08 F7
0
5

SEND
145
Zone2 Party Mode Off
F0 00 00 7F 00 00 71 00 05 02 00 01 00 07 00 00 00 01 00 01 00 00 07 F7
0
5

SEND
146
Zone2 BG Green
F0 00 00 7F 00 00 71 00 05 02 00 01 00 05 00 00 00 01 00 01 00 02 07 F7
0
5

SEND
147
Zone2 BG Amber
F0 00 00 7F 00 00 71 00 05 02 00 01 00 05 00 00 00 01 00 01 00 01 06 F7
0
5

SEND
148
Zone2 1 Button
F0 00 00 7F 00 01 71 05 02 02 00 00 F1 40 00 00 00 01 00 01 31 F7
0
5

SEND
149
Zone2 2 Button
F0 00 00 7F 00 01 71 05 02 02 00 00 F1 40 00 00 00 02 00 01 32 F7
0
5

SEND
150
Zone2 3 Button
F0 00 00 7F 00 01 71 05 02 02 00 00 F1 40 00 00 00 03 00 01 33 F7
0
5

SEND
151
Zone2 4 Button
F0 00 00 7F 00 01 71 05 02 02 00 00 F1 40 00 00 00 04 00 01 34 F7
0
5

SEND
152
Zone2 5 Button
F0 00 00 7F 00 01 71 05 02 02 00 00 F1 40 00 00 00 05 00 01 35 F7
0
5

SEND
153
Zone2 6 Button
F0 00 00 7F 00 01 71 05 02 02 00 00 F1 40 00 00 00 06 00 01 36 F7
0
5

SEND
154
Zone2 7 Button
F0 00 00 7F 00 01 71 05 02 02 00 00 F1 40 00 00 00 07 00 01 37 F7
0
5

SEND
155
Zone2 8 Button
F0 00 00 7F 00 01 71 05 02 02 00 00 F1 40 00 00 00 08 00 01 38 F7
0
5

SEND
156
Zone2 9 Button
F0 00 00 7F 00 01 71 05 02 02 00 00 F1 40 00 00 00 09 00 01 39 F7
0
5

SEND
157
Zone2 0 Button
F0 00 00 7F 00 01 71 05 02 02 00 00 F1 40 00 00 00 0A 00 01 3A F7
0
5

SEND
158
Zone2 Enter
F0 00 00 7F 00 01 71 05 02 02 00 00 F1 40 00 00 00 11 00 01 41 F7
0
5

SEND
159
Zone2 Prev Chn
F0 00 00 7F 00 01 71 05 02 02 00 00 F1 40 00 00 00 12 00 01 42 F7
0
5

SEND
160
Zone2 Tv/Vid
F0 00 00 7F 00 01 71 05 02 02 00 00 F1 40 00 00 00 13 00 01 43 F7
0
5

SEND
161
Zone2 Tv/VCR
F0 00 00 7F 00 01 71 05 02 02 00 00 F1 40 00 00 00 14 00 01 44 F7
0
5

SEND
162
Zone2 A/B
F0 00 00 7F 00 01 71 05 02 02 00 00 F1 40 00 00 00 15 00 01 45 F7
0
5

SEND
163
Zone2 Tv/DVD
F0 00 00 7F 00 01 71 05 02 02 00 00 F1 40 00 00 00 16 00 01 46 F7
0
5

SEND
164
Zone2 Tv/LD
F0 00 00 7F 00 01 71 05 02 02 00 00 F1 40 00 00 00 17 00 01 47 F7
0
5

SEND
165
Zone2 Input
F0 00 00 7F 00 01 71 05 02 02 00 00 F1 40 00 00 00 18 00 01 48 F7
0
5

SEND
166
Zone2 Tv/DSS
F0 00 00 7F 00 01 71 05 02 02 00 00 F1 40 00 00 00 19 00 01 49 F7
0
5

SEND
167
Zone2 Record	
F0 00 00 7F 00 01 71 05 02 02 00 00 F1 40 00 00 00 1F 00 01 4F F7
0
5

SEND
168
Zone2 Menu
F0 00 00 7F 00 01 71 05 02 02 00 00 F1 40 00 00 00 20 00 01 5A F7
0
5

SEND
169
Zone2 Menu Up
F0 00 00 7F 00 01 71 05 02 02 00 00 F1 40 00 00 00 21 00 01 51 F7
0
5

SEND
170
Zone2 Menu Dn
F0 00 00 7F 00 01 71 05 02 02 00 00 F1 40 00 00 00 22 00 01 52 F7
0
5

SEND
171
Zone2 Menu Lft
F0 00 00 7F 00 01 71 05 02 02 00 00 F1 40 00 00 00 23 00 01 53 F7
0
5

SEND
172
Zone2 Menu Rt
F0 00 00 7F 00 01 71 05 02 02 00 00 F1 40 00 00 00 24 00 01 54 F7
0
5

SEND
173
Zone2 Select
F0 00 00 7F 00 01 71 05 02 02 00 00 F1 40 00 00 00 25 00 01 55 F7
0
5

SEND
174
Zone2 Exit
F0 00 00 7F 00 01 71 05 02 02 00 00 F1 40 00 00 00 26 00 01 56 F7
0
5

SEND
175
Zone2 Display	
F0 00 00 7F 00 01 71 05 02 02 00 00 F1 40 00 00 00 27 00 01 57 F7
0
5

SEND
176
Zone2 Guide
F0 00 00 7F 00 01 71 05 02 02 00 00 F1 40 00 00 00 28 00 01 58 F7
0
5

SEND
177
Zone2 Page Up
F0 00 00 7F 00 01 71 05 02 02 00 00 F1 40 00 00 00 29 00 01 59 F7
0
5

SEND
178
Zone2 Page Dn
F0 00 00 7F 00 01 71 05 02 02 00 00 F1 40 00 00 00 2A 00 01 5A F7
0
5

SEND
179
Zone2 Disk
F0 00 00 7F 00 01 71 05 02 02 00 00 F1 40 00 00 00 2B 00 01 5B F7
0
5

SEND
180
Zone2 Plus 10
F0 00 00 7F 00 01 71 05 02 02 00 00 F1 40 00 00 00 2C 00 01 5C F7
0
5

SEND
181
Zone2 Open/Close
F0 00 00 7F 00 01 71 05 02 02 00 00 F1 40 00 00 00 2D 00 01 5D F7
0
5

SEND
182
Zone2 Random
F0 00 00 7F 00 01 71 05 02 02 00 00 F1 40 00 00 00 2E 00 01 5E F7
0
5

SEND
183
Zone2 Tggl Surrnd
F0 00 00 7F 00 01 71 05 02 02 00 00 F1 40 00 00 00 31 00 01 61 F7
0
5

SEND
184
Zone2 Surrnd Mode
F0 00 00 7F 00 01 71 05 02 02 00 00 F1 40 00 00 00 32 00 01 62 F7
0
5

SEND
185
Zone2 Surrnd Up
F0 00 00 7F 00 01 71 05 02 02 00 00 F1 40 00 00 00 33 00 01 63 F7
0
5

SEND
186
Zone2 Surrnd Dn
F0 00 00 7F 00 01 71 05 02 02 00 00 F1 40 00 00 00 34 00 01 64 F7
0
5

SEND
187
Zone2 PIP
F0 00 00 7F 00 01 71 05 02 02 00 00 F1 40 00 00 00 35 00 01 65 F7
0
5

SEND
188
Zone2 PIP Move
F0 00 00 7F 00 01 71 05 02 02 00 00 F1 40 00 00 00 36 00 01 66 F7
0
5

SEND
189
Zone2 PIP Swap
F0 00 00 7F 00 01 71 05 02 02 00 00 F1 40 00 00 00 37 00 01 67 F7
0
5

SEND
190
Zone2 Program
F0 00 00 7F 00 01 71 05 02 02 00 00 F1 40 00 00 00 38 00 01 68 F7
0
5

SEND
191
Zone2 Sleep
F0 00 00 7F 00 01 71 05 02 02 00 00 F1 40 00 00 00 39 00 01 69 F7
0
5

SEND
192
Zone2 On
F0 00 00 7F 00 01 71 05 02 02 00 00 F1 40 00 00 00 3A 00 01 6A F7
0
5

SEND
193
Zone2 Off
F0 00 00 7F 00 01 71 05 02 02 00 00 F1 40 00 00 00 3B 00 01 6B F7
0
5

SEND
194
Zone2 Am/Fm
F0 00 00 7F 00 01 71 05 02 02 00 00 F1 40 00 00 00 47 00 01 77 F7
0
5

SEND
195
Zone2 Cue
F0 00 00 7F 00 01 71 05 02 02 00 00 F1 40 00 00 00 48 00 01 78 F7
0
5

SEND
196
Zone2 Disk Up
F0 00 00 7F 00 01 71 05 02 02 00 00 F1 40 00 00 00 49 00 01 79 F7
0
5

SEND
197
Zone2 Disk Dn
F0 00 00 7F 00 01 71 05 02 02 00 00 F1 40 00 00 00 4A 00 01 7A F7
0
5

SEND
198
Zone2 Info
F0 00 00 7F 00 01 71 05 02 02 00 00 F1 40 00 00 00 4B 00 01 7B F7
0
5

SEND
199
Zone2 Power
F0 00 00 7F 00 01 71 05 02 02 00 00 F1 40 00 00 00 10 00 01 4A F7
0
5

SEND
200
Zone2 Bright
F0 00 00 7F 00 01 71 05 02 02 00 00 F1 40 00 00 00 42 00 01 71 F7
0
5

SEND
201
Zone2 Dim
F0 00 00 7F 00 01 71 05 02 02 00 00 F1 40 00 00 00 43 00 01 73 F7
0
5

SEND
202
Zone2 Stop2
F0 00 00 7F 00 01 71 05 02 02 00 00 F1 40 00 00 00 46 00 01 76 F7
0
5

SEND
203
Zone3 On   
F0 00 00 7F 00 02 71 05 02 02 00 00 F1 23 00 01 00 02 00 01 17 F7
0
5

SEND
204
Zone3 Off 
F0 00 00 7F 00 02 71 05 02 02 00 00 F1 23 00 00 00 02 00 01 16 F7
0
5

SEND
205
Zone3 Vol Up	
F0 00 00 7F 00 02 71 05 02 02 00 00 7F 00 00 00 00 00 01 7E F7
0
5

SEND
206
Zone3 Vol DN	
F0 00 00 7F 00 02 71 05 02 02 00 00 F1 7F 00 00 00 00 00 01 70 F7
0
5

SEND
207
Zone3 Mute
F0 00 00 7F 00 02 71 05 02 02 00 00 F1 40 00 00 00 0D 00 01 3E F7
0
5

SEND
208
Zone3 Play
F0 00 00 7F 00 02 71 05 02 02 00 00 73 00 00 00 00 00 01 71 F7
0
5

SEND
209
Zone3 Stop
F0 00 00 7F 00 02 71 05 02 02 00 00 6D 00 00 00 00 00 01 6C F7
0
5

SEND
210
Zone3 Pause 
F0 00 00 7F 00 02 71 05 02 02 00 00 6E 00 00 00 00 00 01 6D F7
0
5

SEND
211
Zone3 F1
F0 00 00 7F 00 02 71 05 02 02 00 00 6F 00 00 00 00 00 01 6E F7
0
5

SEND
212
Zone3 F2
F0 00 00 7F 00 02 71 05 02 02 00 00 71 00 00 00 00 00 01 6F F7
0
5

SEND
213
Zone3 Prev  
F0 00 00 7F 00 02 71 05 02 02 00 00 67 00 00 00 00 00 01 66 F7
0
5

SEND
214
Zone3 Next  
F0 00 00 7F 00 02 71 05 02 02 00 00 68 00 00 00 00 00 01 67 F7
0
5

SEND
215
Zone3 Plus    
F0 00 00 7F 00 02 71 05 02 02 00 00 69 00 00 00 00 00 01 68 F7
0
5

SEND
216
Zone3 Minus   
F0 00 00 7F 00 02 71 05 02 02 00 00 6A 00 00 00 00 00 01 69 F7
0
5

SEND
217
Zone3 Ch Up	
F0 00 00 7F 00 02 71 05 02 02 00 00 F1 40 00 00 00 0E 00 01 3F F7
0
5

SEND
218
Zone3 Ch Dn
F0 00 00 7F 00 02 71 05 02 02 00 00 F1 40 00 00 00 0F 00 01 40 F7
0
5

SEND
219
Zone3 Srch Fwd
F0 00 00 7F 00 02 71 05 02 02 00 00 F1 40 00 00 00 1C 00 01 4D F7
0
5

SEND
220
Zone3 Srch Rev
F0 00 00 7F 00 02 71 05 02 02 00 00 F1 40 00 00 00 1D 00 01 4E F7
0
5

SEND
221
Zone3 SRC1
F0 00 00 7F 00 02 71 05 02 00 00 00 F1 3E 00 00 00 00 00 01 2D F7
0
5

SEND
222
Zone3 SRC2
F0 00 00 7F 00 02 71 05 02 00 00 00 F1 3E 00 00 00 01 00 01 2E F7
0
5

SEND
223
Zone3 SRC3
F0 00 00 7F 00 02 71 05 02 00 00 00 F1 3E 00 00 00 02 00 01 2F F7
0
5

SEND
224
Zone3 SRC4
F0 00 00 7F 00 02 71 05 02 00 00 00 F1 3E 00 00 00 03 00 01 30 F7
0
5

SEND
225
Zone3 SRC5
F0 00 00 7F 00 02 71 05 02 00 00 00 F1 3E 00 00 00 04 00 01 31 F7
0
5

SEND
226
Zone3 SRC6
F0 00 00 7F 00 02 71 05 02 00 00 00 F1 3E 00 00 00 05 00 01 32 F7
0
5

SEND
227
Zone3 SRC7
F0 00 00 7F 00 02 71 05 02 00 00 00 F1 3E 00 00 00 06 00 01 33 F7
0
5

SEND
228
Zone3 SRC8
F0 00 00 7F 00 02 71 05 02 00 00 00 F1 3E 00 00 00 07 00 01 34 F7
0
5

SEND
229
Zone3 SRC9
F0 00 00 7F 00 02 71 05 02 00 00 00 F1 3E 00 00 00 08 00 01 35 F7
0
5

SEND
230
Zone3 SRC10	
F0 00 00 7F 00 02 71 05 02 00 00 00 F1 3E 00 00 00 09 00 01 36 F7
0
5

SEND
231
Zone3 SRC11	
F0 00 00 7F 00 02 71 05 02 00 00 00 F1 3E 00 00 00 0A 00 01 37 F7
0
5

SEND
232
Zone3 SRC12	
F0 00 00 7F 00 02 71 05 02 00 00 00 F1 3E 00 00 00 0B 00 01 38 F7
0
5

SEND
233
Zone3 Bass Up  
F0 00 00 7F 00 00 71 05 05 02 00 02 00 00 00 69 00 00 00 00 00 01 6E F7
0
5

SEND
234
Zone3 Bass Dn
F0 00 00 7F 00 00 71 05 05 02 00 02 00 00 00 6A 00 00 00 00 00 01 6F F7
0
5

SEND
235
Zone3 Treb Up
F0 00 00 7F 00 00 71 05 05 02 00 02 00 01 00 69 00 00 00 00 00 01 6F F7
0
5

SEND
236
Zone3 Treb Dn
F0 00 00 7F 00 00 71 05 05 02 00 02 00 01 00 6A 00 00 00 00 00 01 70 F7
0
5

SEND
237
Zone3 Loud On
F0 00 00 7F 00 00 71 00 05 02 00 02 00 02 00 00 00 01 00 01 00 01 04 F7
0
5

SEND
238
Zone3 Loud Off
F0 00 00 7F 00 00 71 00 05 02 00 02 00 02 00 00 00 01 00 01 00 00 03 F7
0
5

SEND
239
Zone3 More Left
F0 00 00 7F 00 00 71 05 05 02 00 02 00 03 00 6A 00 00 00 00 00 01 71 F7
0
5

SEND
240
Zone3 Center
F0 00 00 7F 00 00 71 00 05 02 00 02 00 03 00 00 00 01 00 01 00 0A 0E F7
0
5

SEND
241
Zone3 More Right
F0 00 00 7F 00 00 71 05 05 02 00 02 00 03 00 69 00 00 00 00 00 01 71 F7
0
5

SEND
242
Zone3 DND On 
F0 00 00 7F 00 00 71 00 05 02 00 02 00 06 00 00 00 01 00 01 00 01 08 F7
0
5

SEND
243
Zone3 DND Off
F0 00 00 7F 00 00 71 00 05 02 00 02 00 06 00 00 00 01 00 01 00 00 07 F7
0
5

SEND
244
Zone3 Party Mode On
F0 00 00 7F 00 00 71 00 05 02 00 02 00 07 00 00 00 01 00 01 00 01 09 F7
0
5

SEND
245
Zone3 Party Mode Off
F0 00 00 7F 00 00 71 00 05 02 00 02 00 07 00 00 00 01 00 01 00 00 08 F7
0
5

SEND
246
Zone3 BG Green  
F0 00 00 7F 00 00 71 00 05 02 00 02 00 05 00 00 00 01 00 01 00 02 08 F7
0
5

SEND
247
Zone3 BG Amber
F0 00 00 7F 00 00 71 00 05 02 00 02 00 05 00 00 00 01 00 01 00 01 07 F7
0
5

SEND
248
Zone3 1 Button
F0 00 00 7F 00 02 71 05 02 02 00 00 F1 40 00 00 00 01 00 01 32 F7
0
5

SEND
249
Zone32 Button
F0 00 00 7F 00 02 71 05 02 02 00 00 F1 40 00 00 00 02 00 01 33 F7
0
5

SEND
250
Zone3 3 Button
F0 00 00 7F 00 02 71 05 02 02 00 00 F1 40 00 00 00 03 00 01 34 F7
0
5

SEND
251
Zone3 4 Button
F0 00 00 7F 00 02 71 05 02 02 00 00 F1 40 00 00 00 04 00 01 35 F7
0
5

SEND
252
Zone3 5 Button
F0 00 00 7F 00 02 71 05 02 02 00 00 F1 40 00 00 00 05 00 01 36 F7
0
5

SEND
253
Zone3 6 Button
F0 00 00 7F 00 02 71 05 02 02 00 00 F1 40 00 00 00 06 00 01 37 F7
0
5

SEND
254
Zone3 7 Button
F0 00 00 7F 00 02 71 05 02 02 00 00 F1 40 00 00 00 07 00 01 38 F7
0
5

SEND
255
Zone3 8 Button
F0 00 00 7F 00 02 71 05 02 02 00 00 F1 40 00 00 00 08 00 01 39 F7
0
5

SEND
256
Zone3 9 Button
F0 00 00 7F 00 02 71 05 02 02 00 00 F1 40 00 00 00 09 00 01 3A F7
0
5

SEND
257
Zone3 0 Button
F0 00 00 7F 00 02 71 05 02 02 00 00 F1 40 00 00 00 0A 00 01 3B F7
0
5

SEND
258
Zone3 Enter
F0 00 00 7F 00 02 71 05 02 02 00 00 F1 40 00 00 00 11 00 01 42 F7
0
5

SEND
259
Zone3 Prev Chn
F0 00 00 7F 00 02 71 05 02 02 00 00 F1 40 00 00 00 12 00 01 43 F7
0
5

SEND
260
Zone3 Tv/Vid
F0 00 00 7F 00 02 71 05 02 02 00 00 F1 40 00 00 00 13 00 01 44 F7
0
5

SEND
261
Zone3 Tv/VCR
F0 00 00 7F 00 02 71 05 02 02 00 00 F1 40 00 00 00 14 00 01 45 F7
0
5

SEND
262
Zone3 A/B
F0 00 00 7F 00 02 71 05 02 02 00 00 F1 40 00 00 00 15 00 01 46 F7
0
5

SEND
263
Zone3 Tv/DVD
F0 00 00 7F 00 02 71 05 02 02 00 00 F1 40 00 00 00 16 00 01 47 F7
0
5

SEND
264
Zone3 Tv/LD
F0 00 00 7F 00 02 71 05 02 02 00 00 F1 40 00 00 00 17 00 01 48 F7
0
5

SEND
265
Zone3 Input
F0 00 00 7F 00 02 71 05 02 02 00 00 F1 40 00 00 00 18 00 01 49 F7
0
5

SEND
266
Zone3 Tv/DSS
F0 00 00 7F 00 02 71 05 02 02 00 00 F1 40 00 00 00 19 00 01 4A F7
0
5

SEND
267
Zone3 Record
F0 00 00 7F 00 02 71 05 02 02 00 00 F1 40 00 00 00 1F 00 01 50 F7
0
5

SEND
268
Zone3 Menu
F0 00 00 7F 00 02 71 05 02 02 00 00 F1 40 00 00 00 20 00 01 51 F7
0
5

SEND
269
Zone3 Menu Up
F0 00 00 7F 00 02 71 05 02 02 00 00 F1 40 00 00 00 21 00 01 52 F7
0
5

SEND
270
Zone3 Menu Dn
F0 00 00 7F 00 02 71 05 02 02 00 00 F1 40 00 00 00 22 00 01 53 F7
0
5

SEND
271
Zone3 Menu Lft
F0 00 00 7F 00 02 71 05 02 02 00 00 F1 40 00 00 00 23 00 01 54 F7
0
5

SEND
272
Zone3 Menu Rt
F0 00 00 7F 00 02 71 05 02 02 00 00 F1 40 00 00 00 24 00 01 55 F7
0
5

SEND
273
Zone3 Select
F0 00 00 7F 00 02 71 05 02 02 00 00 F1 40 00 00 00 25 00 01 56 F7
0
5

SEND
274
Zone3 Exit
F0 00 00 7F 00 02 71 05 02 02 00 00 F1 40 00 00 00 26 00 01 57 F7
0
5

SEND
275
Zone3 Display	
F0 00 00 7F 00 02 71 05 02 02 00 00 F1 40 00 00 00 27 00 01 58 F7
0
5

SEND
276
Zone3 Guide
F0 00 00 7F 00 02 71 05 02 02 00 00 F1 40 00 00 00 28 00 01 59 F7
0
5

SEND
277
Zone3 Page Up
F0 00 00 7F 00 02 71 05 02 02 00 00 F1 40 00 00 00 29 00 01 5A F7
0
5

SEND
278
Zone3 Page Dn
F0 00 00 7F 00 02 71 05 02 02 00 00 F1 40 00 00 00 2A 00 01 5B F7
0
5

SEND
279
Zone3 Disk
F0 00 00 7F 00 02 71 05 02 02 00 00 F1 40 00 00 00 2B 00 01 5C F7
0
5

SEND
280
Zone3 Plus 10	
F0 00 00 7F 00 02 71 05 02 02 00 00 F1 40 00 00 00 2C 00 01 5D F7
0
5

SEND
281
Zone3 Open/Close
F0 00 00 7F 00 02 71 05 02 02 00 00 F1 40 00 00 00 2D 00 01 5E F7
0
5

SEND
282
Zone3 Random
F0 00 00 7F 00 02 71 05 02 02 00 00 F1 40 00 00 00 2E 00 01 5F F7
0
5

SEND
283
Zone3 Tggl Surrnd
F0 00 00 7F 00 02 71 05 02 02 00 00 F1 40 00 00 00 31 00 01 62 F7
0
5

SEND
284
Zone3 Surrnd Mode
F0 00 00 7F 00 02 71 05 02 02 00 00 F1 40 00 00 00 32 00 01 63 F7
0
5

SEND
285
Zone3 Surrnd Up
F0 00 00 7F 00 02 71 05 02 02 00 00 F1 40 00 00 00 33 00 01 64 F7
0
5

SEND
286
Zone3 Surrnd Dn
F0 00 00 7F 00 02 71 05 02 02 00 00 F1 40 00 00 00 34 00 01 65 F7
0
5

SEND
287
Zone3 PIP
F0 00 00 7F 00 02 71 05 02 02 00 00 F1 40 00 00 00 35 00 01 66 F7
0
5

SEND
288
Zone3 PIP Move
F0 00 00 7F 00 02 71 05 02 02 00 00 F1 40 00 00 00 36 00 01 67 F7
0
5

SEND
289
Zone3 PIP Swap
F0 00 00 7F 00 02 71 05 02 02 00 00 F1 40 00 00 00 37 00 01 68 F7
0
5

SEND
290
Zone3 Program
F0 00 00 7F 00 02 71 05 02 02 00 00 F1 40 00 00 00 38 00 01 69 F7
0
5

SEND
291
Zone3 Sleep
F0 00 00 7F 00 02 71 05 02 02 00 00 F1 40 00 00 00 39 00 01 6A F7
0
5

SEND
292
Zone3 On
F0 00 00 7F 00 02 71 05 02 02 00 00 F1 40 00 00 00 3A 00 01 6B F7
0
5

SEND
293
Zone3 Off
F0 00 00 7F 00 02 71 05 02 02 00 00 F1 40 00 00 00 3B 00 01 6C F7
0
5

SEND
294
Zone3 Am/Fm
F0 00 00 7F 00 02 71 05 02 02 00 00 F1 40 00 00 00 47 00 01 78 F7
0
5

SEND
295
Zone3 Cue
F0 00 00 7F 00 02 71 05 02 02 00 00 F1 40 00 00 00 48 00 01 79 F7
0
5

SEND
296
Zone3 Disk Up
F0 00 00 7F 00 02 71 05 02 02 00 00 F1 40 00 00 00 49 00 01 7A F7
0
5

SEND
297
Zone3 Disk Dn
F0 00 00 7F 00 02 71 05 02 02 00 00 F1 40 00 00 00 4A 00 01 7B F7
0
5

SEND
298
Zone3 Info
F0 00 00 7F 00 02 71 05 02 02 00 00 F1 40 00 00 00 4B 00 01 7C F7
0
5

SEND
299
Zone3 Power
F0 00 00 7F 00 02 71 05 02 02 00 00 F1 40 00 00 00 10 00 01 41 F7
0
5

SEND
300
Zone3 Bright
F0 00 00 7F 00 02 71 05 02 02 00 00 F1 40 00 00 00 42 00 01 73 F7
0
5

SEND
301
Zone3 Dim
F0 00 00 7F 00 02 71 05 02 02 00 00 F1 40 00 00 00 43 00 01 74 F7
0
5

SEND
302
Zone3 Stop2
F0 00 00 7F 00 02 71 05 02 02 00 00 F1 40 00 00 00 46 00 01 77 F7
0
5

SEND
303
Zone4 On
F0 00 00 7F 00 03 71 05 02 02 00 00 F1 23 00 01 00 03 00 01 19 F7
0
5

SEND
304
Zone4 Off
F0 00 00 7F 00 03 71 05 02 02 00 00 F1 23 00 00 00 03 00 01 18 F7
0
5

SEND
305
Zone4 Vol Up
F0 00 00 7F 00 03 71 05 02 02 00 00 7F 00 00 00 00 00 01 7F F7
0
5

SEND
306
Zone4 Vol DN
F0 00 00 7F 00 03 71 05 02 02 00 00 F1 7F 00 00 00 00 00 01 71 F7
0
5

SEND
307
Zone4 Mute
F0 00 00 7F 00 03 71 05 02 02 00 00 F1 40 00 00 00 0D 00 01 3F F7
0
5

SEND
308
Zone4 Play
F0 00 00 7F 00 03 71 05 02 02 00 00 73 00 00 00 00 00 01 73 F7
0
5

SEND
309
Zone4 Stop
F0 00 00 7F 00 03 71 05 02 02 00 00 6D 00 00 00 00 00 01 6D F7
0
5

SEND
310
Zone4 Pause
F0 00 00 7F 00 03 71 05 02 02 00 00 6E 00 00 00 00 00 01 6E F7
0
5

SEND
311
Zone4 F1
F0 00 00 7F 00 03 71 05 02 02 00 00 6F 00 00 00 00 00 01 6F F7
0
5

SEND
312
Zone4 F2
F0 00 00 7F 00 03 71 05 02 02 00 00 71 00 00 00 00 00 01 70 F7
0
5

SEND
313
Zone4 Prev
F0 00 00 7F 00 03 71 05 02 02 00 00 67 00 00 00 00 00 01 67 F7
0
5

SEND
314
Zone4 Next
F0 00 00 7F 00 03 71 05 02 02 00 00 68 00 00 00 00 00 01 68 F7
0
5

SEND
315
Zone4 Plus
F0 00 00 7F 00 03 71 05 02 02 00 00 69 00 00 00 00 00 01 69 F7
0
5

SEND
316
Zone4 Minus
F0 00 00 7F 00 03 71 05 02 02 00 00 6A 00 00 00 00 00 01 6A F7
0
5

SEND
317
Zone4 Ch Up
F0 00 00 7F 00 03 71 05 02 02 00 00 F1 40 00 00 00 0E 00 01 40 F7
0
5

SEND
318
Zone4 Ch Dn
F0 00 00 7F 00 03 71 05 02 02 00 00 F1 40 00 00 00 0F 00 01 41 F7
0
5

SEND
319
Zone4 Srch Fwd
F0 00 00 7F 00 03 71 05 02 02 00 00 F1 40 00 00 00 1C 00 01 4E F7
0
5

SEND
320
Zone4 Srch Rev
F0 00 00 7F 00 03 71 05 02 02 00 00 F1 40 00 00 00 1D 00 01 4F F7
0
5

SEND
321
Zone4 SRC1
F0 00 00 7F 00 03 71 05 02 00 00 00 F1 3E 00 00 00 00 00 01 2E F7
0
5

SEND
322
Zone4 SRC2
F0 00 00 7F 00 03 71 05 02 00 00 00 F1 3E 00 00 00 01 00 01 2F F7
0
5

SEND
323
Zone4 SRC3
F0 00 00 7F 00 03 71 05 02 00 00 00 F1 3E 00 00 00 02 00 01 30 F7
0
5

SEND
324
Zone4 SRC4
F0 00 00 7F 00 03 71 05 02 00 00 00 F1 3E 00 00 00 03 00 01 31 F7
0
5

SEND
325
Zone4 SRC5
F0 00 00 7F 00 03 71 05 02 00 00 00 F1 3E 00 00 00 04 00 01 32 F7
0
5

SEND
326
Zone4 SRC6
F0 00 00 7F 00 03 71 05 02 00 00 00 F1 3E 00 00 00 05 00 01 33 F7
0
5

SEND
327
Zone4 SRC7
F0 00 00 7F 00 03 71 05 02 00 00 00 F1 3E 00 00 00 06 00 01 34 F7
0
5

SEND
328
Zone4 SRC8
F0 00 00 7F 00 03 71 05 02 00 00 00 F1 3E 00 00 00 07 00 01 35 F7
0
5

SEND
329
Zone4 SRC9
F0 00 00 7F 00 03 71 05 02 00 00 00 F1 3E 00 00 00 08 00 01 36 F7
0
5

SEND
330
Zone4 SRC10
F0 00 00 7F 00 03 71 05 02 00 00 00 F1 3E 00 00 00 09 00 01 37 F7
0
5

SEND
331
Zone4 SRC11
F0 00 00 7F 00 03 71 05 02 00 00 00 F1 3E 00 00 00 0A 00 01 38 F7
0
5

SEND
332
Zone4 SRC12
F0 00 00 7F 00 03 71 05 02 00 00 00 F1 3E 00 00 00 0B 00 01 39 F7
0
5

SEND
333
Zone4 Bass Up
F0 00 00 7F 00 00 71 05 05 02 00 03 00 00 00 69 00 00 00 00 00 01 6F F7
0
5

SEND
334
Zone4 Bass Dn
F0 00 00 7F 00 00 71 05 05 02 00 03 00 00 00 6A 00 00 00 00 00 01 70 F7
0
5

SEND
335
Zone4 Treb Up
F0 00 00 7F 00 00 71 05 05 02 00 03 00 01 00 69 00 00 00 00 00 01 70 F7
0
5

SEND
336
Zone4 Treb Dn
F0 00 00 7F 00 00 71 05 05 02 00 03 00 01 00 6A 00 00 00 00 00 01 71 F7
0
5

SEND
337
Zone4 Loud On
F0 00 00 7F 00 00 71 00 05 02 00 03 00 02 00 00 00 01 00 01 00 01 05 F7
0
5

SEND
338
Zone4 Loud Off
F0 00 00 7F 00 00 71 00 05 02 00 03 00 02 00 00 00 01 00 01 00 00 04 F7
0
5

SEND
339
Zone4 More Left
F0 00 00 7F 00 00 71 05 05 02 00 03 00 03 00 6A 00 00 00 00 00 01 73 F7
0
5

SEND
340
Zone4 Center
F0 00 00 7F 00 00 71 00 05 02 00 03 00 03 00 00 00 01 00 01 00 0A 0F F7
0
5

SEND
341
Zone4 More Right
F0 00 00 7F 00 00 71 05 05 02 00 03 00 03 00 69 00 00 00 00 00 01 71 F7
0
5

SEND
342
Zone4 DND On
F0 00 00 7F 00 00 71 00 05 02 00 03 00 06 00 00 00 01 00 01 00 01 09 F7
0
5

SEND
343
Zone4 DND Off
F0 00 00 7F 00 00 71 00 05 02 00 03 00 06 00 00 00 01 00 01 00 00 08 F7
0
5

SEND
344
Zone4 Party Mode On
F0 00 00 7F 00 00 71 00 05 02 00 03 00 07 00 00 00 01 00 01 00 01 0A F7
0
5

SEND
345
Zone4 Party Mode Off
F0 00 00 7F 00 00 71 00 05 02 00 03 00 07 00 00 00 01 00 01 00 00 09 F7
0
5

SEND
346
Zone4 BG Green
F0 00 00 7F 00 00 71 00 05 02 00 03 00 05 00 00 00 01 00 01 00 02 09 F7
0
5

SEND
347
Zone4 BG Amber
F0 00 00 7F 00 00 71 00 05 02 00 03 00 05 00 00 00 01 00 01 00 01 08 F7
0
5

SEND
348
Zone4 1 Button
F0 00 00 7F 00 03 71 05 02 02 00 00 F1 40 00 00 00 01 00 01 33 F7
0
5

SEND
349
Zone4 2 Button
F0 00 00 7F 00 03 71 05 02 02 00 00 F1 40 00 00 00 02 00 01 34 F7
0
5

SEND
350
Zone4 3 Button
F0 00 00 7F 00 03 71 05 02 02 00 00 F1 40 00 00 00 03 00 01 35 F7
0
5

SEND
351
Zone4 4 Button
F0 00 00 7F 00 03 71 05 02 02 00 00 F1 40 00 00 00 04 00 01 36 F7
0
5

SEND
352
Zone4 5 Button
F0 00 00 7F 00 03 71 05 02 02 00 00 F1 40 00 00 00 05 00 01 37 F7
0
5

SEND
353
Zone4 6 Button
F0 00 00 7F 00 03 71 05 02 02 00 00 F1 40 00 00 00 06 00 01 38 F7
0
5

SEND
354
Zone4 7 Button
F0 00 00 7F 00 03 71 05 02 02 00 00 F1 40 00 00 00 07 00 01 39 F7
0
5

SEND
355
Zone4 8 Button
F0 00 00 7F 00 03 71 05 02 02 00 00 F1 40 00 00 00 08 00 01 3A F7
0
5

SEND
356
Zone4 9 Button
F0 00 00 7F 00 03 71 05 02 02 00 00 F1 40 00 00 00 09 00 01 3B F7
0
5

SEND
357
Zone4 0 Button
F0 00 00 7F 00 03 71 05 02 02 00 00 F1 40 00 00 00 0A 00 01 3C F7
0
5

SEND
358
Zone4 Enter
F0 00 00 7F 00 03 71 05 02 02 00 00 F1 40 00 00 00 11 00 01 43 F7
0
5

SEND
359
Zone4 Prev Chn
F0 00 00 7F 00 03 71 05 02 02 00 00 F1 40 00 00 00 12 00 01 44 F7
0
5

SEND
360
Zone4 Tv/Vid
F0 00 00 7F 00 03 71 05 02 02 00 00 F1 40 00 00 00 13 00 01 45 F7
0
5

SEND
361
Zone4 Tv/VCR
F0 00 00 7F 00 03 71 05 02 02 00 00 F1 40 00 00 00 14 00 01 46 F7
0
5

SEND
362
Zone4 A/B
F0 00 00 7F 00 03 71 05 02 02 00 00 F1 40 00 00 00 15 00 01 47 F7
0
5

SEND
363
Zone4 Tv/DVD
F0 00 00 7F 00 03 71 05 02 02 00 00 F1 40 00 00 00 16 00 01 48 F7
0
5

SEND
364
Zone4 Tv/LD
F0 00 00 7F 00 03 71 05 02 02 00 00 F1 40 00 00 00 17 00 01 49 F7
0
5

SEND
365
Zone4 Input
F0 00 00 7F 00 03 71 05 02 02 00 00 F1 40 00 00 00 18 00 01 4A F7
0
5

SEND
366
Zone4 Tv/DSS
F0 00 00 7F 00 03 71 05 02 02 00 00 F1 40 00 00 00 19 00 01 4B F7
0
5

SEND
367
Zone4 Record
F0 00 00 7F 00 03 71 05 02 02 00 00 F1 40 00 00 00 1F 00 01 51 F7
0
5

SEND
368
Zone4 Menu
F0 00 00 7F 00 03 71 05 02 02 00 00 F1 40 00 00 00 20 00 01 52 F7
0
5

SEND
369
Zone4 Menu Up
F0 00 00 7F 00 03 71 05 02 02 00 00 F1 40 00 00 00 21 00 01 53 F7
0
5

SEND
370
Zone4 Menu Dn
F0 00 00 7F 00 03 71 05 02 02 00 00 F1 40 00 00 00 22 00 01 54 F7
0
5

SEND
371
Zone4 Menu Lft
F0 00 00 7F 00 03 71 05 02 02 00 00 F1 40 00 00 00 23 00 01 55 F7
0
5

SEND
372
Zone4 Menu Rt
F0 00 00 7F 00 03 71 05 02 02 00 00 F1 40 00 00 00 24 00 01 56 F7
0
5

SEND
373
Zone4 Select
F0 00 00 7F 00 03 71 05 02 02 00 00 F1 40 00 00 00 25 00 01 57 F7
0
5

SEND
374
Zone4 Exit
F0 00 00 7F 00 03 71 05 02 02 00 00 F1 40 00 00 00 26 00 01 58 F7
0
5

SEND
375
Zone4 Display
F0 00 00 7F 00 03 71 05 02 02 00 00 F1 40 00 00 00 27 00 01 59 F7
0
5

SEND
376
Zone4 Guide
F0 00 00 7F 00 03 71 05 02 02 00 00 F1 40 00 00 00 28 00 01 5A F7
0
5

SEND
377
Zone4 Page Up
F0 00 00 7F 00 03 71 05 02 02 00 00 F1 40 00 00 00 29 00 01 5B F7
0
5

SEND
378
Zone4 Page Dn
F0 00 00 7F 00 03 71 05 02 02 00 00 F1 40 00 00 00 2A 00 01 5C F7
0
5

SEND
379
Zone4 Disk
F0 00 00 7F 00 03 71 05 02 02 00 00 F1 40 00 00 00 2B 00 01 5D F7
0
5

SEND
380
Zone4 Plus 10
F0 00 00 7F 00 03 71 05 02 02 00 00 F1 40 00 00 00 2C 00 01 5E F7
0
5

SEND
381
Zone4 Open/Close
F0 00 00 7F 00 03 71 05 02 02 00 00 F1 40 00 00 00 2D 00 01 5F F7
0
5

SEND
382
Zone4 Random
F0 00 00 7F 00 03 71 05 02 02 00 00 F1 40 00 00 00 2E 00 01 60 F7
0
5

SEND
383
Zone4 Tggl Surrnd
F0 00 00 7F 00 03 71 05 02 02 00 00 F1 40 00 00 00 31 00 01 63 F7
0
5

SEND
384
Zone4 Surrnd Mode
F0 00 00 7F 00 03 71 05 02 02 00 00 F1 40 00 00 00 32 00 01 64 F7
0
5

SEND
385
Zone4 Surrnd Up	
F0 00 00 7F 00 03 71 05 02 02 00 00 F1 40 00 00 00 33 00 01 65 F7
0
5

SEND
386
Zone4 Surrnd Dn
F0 00 00 7F 00 03 71 05 02 02 00 00 F1 40 00 00 00 34 00 01 66 F7
0
5

SEND
387
Zone4 PIP
F0 00 00 7F 00 03 71 05 02 02 00 00 F1 40 00 00 00 35 00 01 67 F7
0
5

SEND
388
Zone4 PIP Move
F0 00 00 7F 00 03 71 05 02 02 00 00 F1 40 00 00 00 36 00 01 68 F7
0
5

SEND
389
Zone4 PIP Swap
F0 00 00 7F 00 03 71 05 02 02 00 00 F1 40 00 00 00 37 00 01 69 F7
0
5

SEND
390
Zone4 Program
F0 00 00 7F 00 03 71 05 02 02 00 00 F1 40 00 00 00 38 00 01 6A F7
0
5

SEND
391
Zone4 Sleep
F0 00 00 7F 00 03 71 05 02 02 00 00 F1 40 00 00 00 39 00 01 6B F7
0
5

SEND
392
Zone4 On
F0 00 00 7F 00 03 71 05 02 02 00 00 F1 40 00 00 00 3A 00 01 6C F7
0
5

SEND
393
Zone4 Off
F0 00 00 7F 00 03 71 05 02 02 00 00 F1 40 00 00 00 3B 00 01 6D F7
0
5

SEND
394
Zone4 Am/Fm
F0 00 00 7F 00 03 71 05 02 02 00 00 F1 40 00 00 00 47 00 01 79 F7
0
5

SEND
395
Zone4 Cue
F0 00 00 7F 00 03 71 05 02 02 00 00 F1 40 00 00 00 48 00 01 7A F7
0
5

SEND
396
Zone4 Disk Up
F0 00 00 7F 00 03 71 05 02 02 00 00 F1 40 00 00 00 49 00 01 7B F7
0
5

SEND
397
Zone4 Disk Dn
F0 00 00 7F 00 03 71 05 02 02 00 00 F1 40 00 00 00 4A 00 01 7C F7
0
5

SEND
398
Zone4 Info
F0 00 00 7F 00 03 71 05 02 02 00 00 F1 40 00 00 00 4B 00 01 7D F7
0
5

SEND
399
Zone4 Power
F0 00 00 7F 00 03 71 05 02 02 00 00 F1 40 00 00 00 10 00 01 42 F7
0
5

SEND
400
Zone4 Bright
F0 00 00 7F 00 03 71 05 02 02 00 00 F1 40 00 00 00 42 00 01 74 F7
0
5

SEND
401
Zone4 Dim
F0 00 00 7F 00 03 71 05 02 02 00 00 F1 40 00 00 00 43 00 01 75 F7
0
5

SEND
402
Zone4 Stop2
F0 00 00 7F 00 03 71 05 02 02 00 00 F1 40 00 00 00 46 00 01 78 F7
0
5

SEND
403
Zone5 On
F0 00 00 7F 00 04 71 05 02 02 00 00 F1 23 00 01 00 04 00 01 1B F7
0
5

SEND
404
Zone5 Off
F0 00 00 7F 00 04 71 05 02 02 00 00 F1 23 00 00 00 04 00 01 1A F7
0
5

SEND
405
Zone5 Vol Up
F0 00 00 7F 00 04 71 05 02 02 00 00 7F 00 00 00 00 00 01 00 F7
0
5

SEND
406
Zone5 Vol DN 
F0 00 00 7F 00 04 71 05 02 02 00 00 F1 7F 00 00 00 00 00 01 71 F7
0
5

SEND
407
Zone5 Mute
F0 00 00 7F 00 04 71 05 02 02 00 00 F1 40 00 00 00 0D 00 01 40 F7
0
5

SEND
408
Zone5 Play
F0 00 00 7F 00 04 71 05 02 02 00 00 73 00 00 00 00 00 01 74 F7
0
5

SEND
409
Zone5 Stop
F0 00 00 7F 00 04 71 05 02 02 00 00 6D 00 00 00 00 00 01 6E F7
0
5

SEND
410
Zone5 Pause 
F0 00 00 7F 00 04 71 05 02 02 00 00 6E 00 00 00 00 00 01 6F F7
0
5

SEND
411
Zone5 F1
F0 00 00 7F 00 04 71 05 02 02 00 00 6F 00 00 00 00 00 01 70 F7
0
5

SEND
412
Zone5 F2
F0 00 00 7F 00 04 71 05 02 02 00 00 71 00 00 00 00 00 01 72 F7
0
5

SEND
413
Zone5 Prev
F0 00 00 7F 00 04 71 05 02 02 00 00 67 00 00 00 00 00 01 68 F7
0
5

SEND
414
Zone5 Next
F0 00 00 7F 00 04 71 05 02 02 00 00 68 00 00 00 00 00 01 69 F7
0
5

SEND
415
Zone5 Plus
F0 00 00 7F 00 04 71 05 02 02 00 00 69 00 00 00 00 00 01 6A F7
0
5

SEND
416
Zone5 Minus
F0 00 00 7F 00 04 71 05 02 02 00 00 6A 00 00 00 00 00 01 6B F7
0
5

SEND
417
Zone5 Ch Up
F0 00 00 7F 00 04 71 05 02 02 00 00 F1 40 00 00 00 0E 00 01 41 F7
0
5

SEND
418
Zone5 Ch Dn
F0 00 00 7F 00 04 71 05 02 02 00 00 F1 40 00 00 00 0F 00 01 42 F7
0
5

SEND
419
Zone5 Srch Fwd
F0 00 00 7F 00 04 71 05 02 02 00 00 F1 40 00 00 00 1C 00 01 4F F7
0
5

SEND
420
Zone5 Srch Rev
F0 00 00 7F 00 04 71 05 02 02 00 00 F1 40 00 00 00 1D 00 01 50 F7
0
5

SEND
421
Zone5 SRC1
F0 00 00 7F 00 04 71 05 02 00 00 00 F1 3E 00 00 00 00 00 01 2F F7
0
5

SEND
422
Zone5 SRC2
F0 00 00 7F 00 04 71 05 02 00 00 00 F1 3E 00 00 00 01 00 01 30 F7
0
5

SEND
423
Zone5 SRC3
F0 00 00 7F 00 04 71 05 02 00 00 00 F1 3E 00 00 00 02 00 01 31 F7
0
5

SEND
424


0
5

SEND
425


0
5

SEND
426


0
5

SEND
427


0
5

SEND
428


0
5

SEND
429


0
5

SEND
430


0
5

SEND
431


0
5

SEND
432


0
5

SEND
433


0
5

SEND
434
Zone5 SRC4
F0 00 00 7F 00 04 71 05 02 00 00 00 F1 3E 00 00 00 03 00 01 32 F7
0
5

SEND
435
Zone5 SRC5
F0 00 00 7F 00 04 71 05 02 00 00 00 F1 3E 00 00 00 04 00 01 33 F7
0
5

SEND
436
Zone5 SRC6
F0 00 00 7F 00 04 71 05 02 00 00 00 F1 3E 00 00 00 05 00 01 34 F7
0
5

SEND
437
Zone5 SRC7
F0 00 00 7F 00 04 71 05 02 00 00 00 F1 3E 00 00 00 06 00 01 35 F7
0
5

SEND
438
Zone5 SRC8
F0 00 00 7F 00 04 71 05 02 00 00 00 F1 3E 00 00 00 07 00 01 36 F7
0
5

SEND
439
Zone5 SRC9
F0 00 00 7F 00 04 71 05 02 00 00 00 F1 3E 00 00 00 08 00 01 37 F7
0
5

SEND
440
Zone5 SRC10
F0 00 00 7F 00 04 71 05 02 00 00 00 F1 3E 00 00 00 09 00 01 38 F7
0
5

SEND
441
Zone5 SRC11
F0 00 00 7F 00 04 71 05 02 00 00 00 F1 3E 00 00 00 0A 00 01 39 F7
0
5

SEND
442
Zone5 SRC12
F0 00 00 7F 00 04 71 05 02 00 00 00 F1 3E 00 00 00 0B 00 01 3A F7
0
5

SEND
443
Zone5 Bass Up
F0 00 00 7F 00 00 71 05 05 02 00 04 00 00 00 69 00 00 00 00 00 01 70 F7
0
5

SEND
444
Zone5 Bass Dn
F0 00 00 7F 00 00 71 05 05 02 00 04 00 00 00 6A 00 00 00 00 00 01 71 F7
0
5

SEND
445
Zone5 Treb Up
F0 00 00 7F 00 00 71 05 05 02 00 04 00 01 00 69 00 00 00 00 00 01 71 F7
0
5

SEND
446
Zone5 Treb Dn
F0 00 00 7F 00 00 71 05 05 02 00 04 00 01 00 6A 00 00 00 00 00 01 71 F7
0
5

SEND
447
Zone5 Loud On
F0 00 00 7F 00 00 71 00 05 02 00 04 00 02 00 00 00 01 00 01 00 01 06 F7
0
5

SEND
448
Zone5 Loud Off
F0 00 00 7F 00 00 71 00 05 02 00 04 00 02 00 00 00 01 00 01 00 00 05 F7
0
5

SEND
449
Zone5 More Left
F0 00 00 7F 00 00 71 05 05 02 00 04 00 03 00 6A 00 00 00 00 00 01 74 F7
0
5

SEND
450
Zone5 Center
F0 00 00 7F 00 00 71 00 05 02 00 04 00 03 00 00 00 01 00 01 00 0A 10 F7
0
5

SEND
451
Zone5 More Right
F0 00 00 7F 00 00 71 05 05 02 00 04 00 03 00 69 00 00 00 00 00 01 73 F7
0
5

SEND
452
Zone5 DND On
F0 00 00 7F 00 00 71 00 05 02 00 04 00 06 00 00 00 01 00 01 00 01 0A F7
0
5

SEND
453
Zone5 DND Off
F0 00 00 7F 00 00 71 00 05 02 00 04 00 06 00 00 00 01 00 01 00 00 09 F7
0
5

SEND
454
Zone5 Party Mode On
F0 00 00 7F 00 00 71 00 05 02 00 04 00 07 00 00 00 01 00 01 00 01 0B F7
0
5

SEND
455
Zone5 Party Mode Off
F0 00 00 7F 00 00 71 00 05 02 00 04 00 07 00 00 00 01 00 01 00 00 0A F7
0
5

SEND
456
Zone5 BG Green
F0 00 00 7F 00 00 71 00 05 02 00 04 00 05 00 00 00 01 00 01 00 02 0A F7
0
5

SEND
457
Zone5 BG Amber
F0 00 00 7F 00 00 71 00 05 02 00 04 00 05 00 00 00 01 00 01 00 01 09 F7
0
5

SEND
458
Zone5 1 Button
F0 00 00 7F 00 04 71 05 02 02 00 00 F1 40 00 00 00 01 00 01 34 F7
0
5

SEND
459
Zone5 2 Button
F0 00 00 7F 00 04 71 05 02 02 00 00 F1 40 00 00 00 02 00 01 35 F7
0
5

SEND
460
Zone5 3 Button
F0 00 00 7F 00 04 71 05 02 02 00 00 F1 40 00 00 00 03 00 01 36 F7
0
5

SEND
461
Zone5 4 Button
F0 00 00 7F 00 04 71 05 02 02 00 00 F1 40 00 00 00 04 00 01 37 F7
0
5

SEND
462
Zone5 5 Button
F0 00 00 7F 00 04 71 05 02 02 00 00 F1 40 00 00 00 05 00 01 38 F7
0
5

SEND
463
Zone5 6 Button
F0 00 00 7F 00 04 71 05 02 02 00 00 F1 40 00 00 00 06 00 01 39 F7
0
5

SEND
464
Zone5 7 Button
F0 00 00 7F 00 04 71 05 02 02 00 00 F1 40 00 00 00 07 00 01 3A F7
0
5

SEND
465
Zone5 8 Button
F0 00 00 7F 00 04 71 05 02 02 00 00 F1 40 00 00 00 08 00 01 3B F7
0
5

SEND
466
Zone5 9 Button
F0 00 00 7F 00 04 71 05 02 02 00 00 F1 40 00 00 00 09 00 01 3C F7
0
5

SEND
467
Zone5 0 Button
F0 00 00 7F 00 04 71 05 02 02 00 00 F1 40 00 00 00 0A 00 01 3D F7
0
5

SEND
468
Zone5 Enter
F0 00 00 7F 00 04 71 05 02 02 00 00 F1 40 00 00 00 11 00 01 44 F7
0
5

SEND
469
Zone5 Prev Chn
F0 00 00 7F 00 04 71 05 02 02 00 00 F1 40 00 00 00 12 00 01 45 F7
0
5

SEND
470
Zone5 Tv/Vid
F0 00 00 7F 00 04 71 05 02 02 00 00 F1 40 00 00 00 13 00 01 46 F7
0
5

SEND
471
Zone5 Tv/VCR
F0 00 00 7F 00 04 71 05 02 02 00 00 F1 40 00 00 00 14 00 01 47 F7
0
5

SEND
472
Zone5 A/B
F0 00 00 7F 00 04 71 05 02 02 00 00 F1 40 00 00 00 15 00 01 48 F7
0
5

SEND
473
Zone5 Tv/DVD
F0 00 00 7F 00 04 71 05 02 02 00 00 F1 40 00 00 00 16 00 01 49 F7
0
5

SEND
474
Zone5 Tv/LD
F0 00 00 7F 00 04 71 05 02 02 00 00 F1 40 00 00 00 17 00 01 4A F7
0
5

SEND
475
Zone5 Input
F0 00 00 7F 00 04 71 05 02 02 00 00 F1 40 00 00 00 18 00 01 4B F7
0
5

SEND
476
Zone5 Tv/DSS
F0 00 00 7F 00 04 71 05 02 02 00 00 F1 40 00 00 00 19 00 01 4C F7
0
5

SEND
477
Zone5 Record
F0 00 00 7F 00 04 71 05 02 02 00 00 F1 40 00 00 00 1F 00 01 52 F7
0
5

SEND
478
Zone5 Menu
F0 00 00 7F 00 04 71 05 02 02 00 00 F1 40 00 00 00 20 00 01 53 F7
0
5

SEND
479
Zone5 Menu Up
F0 00 00 7F 00 04 71 05 02 02 00 00 F1 40 00 00 00 21 00 01 54 F7
0
5

SEND
480
Zone5 Menu Dn
F0 00 00 7F 00 04 71 05 02 02 00 00 F1 40 00 00 00 22 00 01 55 F7
0
5

SEND
481
Zone5 Menu Lft
F0 00 00 7F 00 04 71 05 02 02 00 00 F1 40 00 00 00 23 00 01 56 F7
0
5

SEND
482
Zone5 Menu Rt
F0 00 00 7F 00 04 71 05 02 02 00 00 F1 40 00 00 00 24 00 01 57 F7
0
5

SEND
483
Zone5 Select
F0 00 00 7F 00 04 71 05 02 02 00 00 F1 40 00 00 00 25 00 01 58 F7
0
5

SEND
484
Zone5 Exit
F0 00 00 7F 00 04 71 05 02 02 00 00 F1 40 00 00 00 26 00 01 59 F7
0
5

SEND
485
Zone5 Display
F0 00 00 7F 00 04 71 05 02 02 00 00 F1 40 00 00 00 27 00 01 5A F7
0
5

SEND
486
Zone5 Guide
F0 00 00 7F 00 04 71 05 02 02 00 00 F1 40 00 00 00 28 00 01 5B F7
0
5

SEND
487
Zone5 Page Up
F0 00 00 7F 00 04 71 05 02 02 00 00 F1 40 00 00 00 29 00 01 5C F7
0
5

SEND
488
Zone5 Page Dn
F0 00 00 7F 00 04 71 05 02 02 00 00 F1 40 00 00 00 2A 00 01 5D F7
0
5

SEND
489
Zone5 Disk
F0 00 00 7F 00 04 71 05 02 02 00 00 F1 40 00 00 00 2B 00 01 5E F7
0
5

SEND
490
Zone5 Plus 10
F0 00 00 7F 00 04 71 05 02 02 00 00 F1 40 00 00 00 2C 00 01 5F F7
0
5

SEND
491


0
5

SEND
492


0
5

SEND
493


0
5

SEND
494


0
5

SEND
495


0
5

SEND
496


0
5

SEND
497


0
5

SEND
498


0
5

SEND
499


0
5

SEND
500


0
5

SEND
501
Zone5 Open/Close
F0 00 00 7F 00 04 71 05 02 02 00 00 F1 40 00 00 00 2D 00 01 60 F7
0
5

SEND
502
Zone5 Random
F0 00 00 7F 00 04 71 05 02 02 00 00 F1 40 00 00 00 2E 00 01 61 F7
0
5

SEND
503
Zone5 Tggl Surrnd
F0 00 00 7F 00 04 71 05 02 02 00 00 F1 40 00 00 00 31 00 01 64 F7
0
5

SEND
504
Zone5 Surrnd Mode
F0 00 00 7F 00 04 71 05 02 02 00 00 F1 40 00 00 00 32 00 01 65 F7
0
5

SEND
505
Zone5 Surrnd Up
F0 00 00 7F 00 04 71 05 02 02 00 00 F1 40 00 00 00 33 00 01 66 F7
0
5

SEND
506
Zone5 Surrnd Dn	
F0 00 00 7F 00 04 71 05 02 02 00 00 F1 40 00 00 00 34 00 01 67 F7
0
5

SEND
507
Zone5 PIP
F0 00 00 7F 00 04 71 05 02 02 00 00 F1 40 00 00 00 35 00 01 68 F7
0
5

SEND
508
Zone5 PIP Move
F0 00 00 7F 00 04 71 05 02 02 00 00 F1 40 00 00 00 36 00 01 69 F7
0
5

SEND
509
Zone5 PIP Swap
F0 00 00 7F 00 04 71 05 02 02 00 00 F1 40 00 00 00 37 00 01 6A F7
0
5

SEND
510
Zone5 Program
F0 00 00 7F 00 04 71 05 02 02 00 00 F1 40 00 00 00 38 00 01 6B F7
0
5

SEND
511
Zone5 Sleep
F0 00 00 7F 00 04 71 05 02 02 00 00 F1 40 00 00 00 39 00 01 6C F7
510
5

SEND
512
Zone5 On
F0 00 00 7F 00 04 71 05 02 02 00 00 F1 40 00 00 00 3A 00 01 6D F7
0
5

SEND
513
Zone5 Off
F0 00 00 7F 00 04 71 05 02 02 00 00 F1 40 00 00 00 3B 00 01 6E F7
0
5

SEND
514
Zone5 Am/Fm
F0 00 00 7F 00 04 71 05 02 02 00 00 F1 40 00 00 00 47 00 01 7A F7
0
5

SEND
515
Zone5 Cue
F0 00 00 7F 00 04 71 05 02 02 00 00 F1 40 00 00 00 48 00 01 7B F7
0
5

SEND
516
Zone5 Disk Up
F0 00 00 7F 00 04 71 05 02 02 00 00 F1 40 00 00 00 49 00 01 7C F7
0
5

SEND
517
Zone5 Disk Dn
F0 00 00 7F 00 04 71 05 02 02 00 00 F1 40 00 00 00 4A 00 01 7D F7
0
5

SEND
518
Zone5 Info
F0 00 00 7F 00 04 71 05 02 02 00 00 F1 40 00 00 00 4B 00 01 7E F7
0
5

SEND
519
Zone5 Power
F0 00 00 7F 00 04 71 05 02 02 00 00 F1 40 00 00 00 10 00 01 43 F7
0
5

SEND
520
Zone5 Bright
F0 00 00 7F 00 04 71 05 02 02 00 00 F1 40 00 00 00 42 00 01 75 F7
0
5

SEND
521
Zone5 Dim
F0 00 00 7F 00 04 71 05 02 02 00 00 F1 40 00 00 00 43 00 01 76 F7
0
5

SEND
522
Zone5 Stop2
F0 00 00 7F 00 04 71 05 02 02 00 00 F1 40 00 00 00 46 00 01 79 F7
0
5

SEND
523
Zone6 On
F0 00 00 7F 00 05 71 05 02 02 00 00 F1 23 00 01 00 05 00 01 1D F7
0
5

SEND
524
Zone6 Off
F0 00 00 7F 00 05 71 05 02 02 00 00 F1 23 00 00 00 05 00 01 1C F7
0
5

SEND
525
Zone6 Vol Up
F0 00 00 7F 00 05 71 05 02 02 00 00 7F 00 00 00 00 00 01 01 F7
0
5

SEND
526
Zone6 Vol DN
F0 00 00 7F 00 05 71 05 02 02 00 00 F1 7F 00 00 00 00 00 01 73 F7
0
5

SEND
527
Zone6 Mute
F0 00 00 7F 00 05 71 05 02 02 00 00 F1 40 00 00 00 0D 00 01 41 F7
0
5

SEND
528
Zone6 Play
F0 00 00 7F 00 05 71 05 02 02 00 00 73 00 00 00 00 00 01 75 F7
0
5

SEND
529
Zone6 Stop
F0 00 00 7F 00 05 71 05 02 02 00 00 6D 00 00 00 00 00 01 6F F7
0
5

SEND
530
Zone6 Pause
F0 00 00 7F 00 05 71 05 02 02 00 00 6E 00 00 00 00 00 01 70 F7
0
5

SEND
531
Zone6 F1 
F0 00 00 7F 00 05 71 05 02 02 00 00 6F 00 00 00 00 00 01 72 F7
0
5

SEND
532
Zone6 F2
F0 00 00 7F 00 05 71 05 02 02 00 00 71 00 00 00 00 00 01 72 F7
0
5

SEND
533
Zone6 Prev
F0 00 00 7F 00 05 71 05 02 02 00 00 67 00 00 00 00 00 01 69 F7
0
5

SEND
534
Zone6 Next
F0 00 00 7F 00 05 71 05 02 02 00 00 68 00 00 00 00 00 01 6A F7
0
5

SEND
535
Zone6 Plus
F0 00 00 7F 00 05 71 05 02 02 00 00 69 00 00 00 00 00 01 6B F7
0
5

SEND
536
Zone6 Minus
F0 00 00 7F 00 05 71 05 02 02 00 00 6A 00 00 00 00 00 01 6C F7
0
5

SEND
537
Zone6 Ch Up
F0 00 00 7F 00 05 71 05 02 02 00 00 F1 40 00 00 00 0E 00 01 42 F7
0
5

SEND
538
Zone6 Ch Dn
F0 00 00 7F 00 05 71 05 02 02 00 00 F1 40 00 00 00 0F 00 01 43 F7
0
5

SEND
539
Zone6 Srch Fwd
F0 00 00 7F 00 05 71 05 02 02 00 00 F1 40 00 00 00 1C 00 01 50 F7
0
5

SEND
540
Zone6 Srch Rev
F0 00 00 7F 00 05 71 05 02 02 00 00 F1 40 00 00 00 1D 00 01 51 F7
0
5

SEND
541


0
5

SEND
542


0
5

SEND
543


0
5

SEND
544


0
5

SEND
545


0
5

SEND
546


0
5

SEND
547


0
5

SEND
548


0
5

SEND
549


0
5

SEND
550


0
5

SEND
551


0
5

SEND
552


0
5

SEND
553


0
5

SEND
554


0
5

SEND
555


0
5

SEND
556


0
5

SEND
557


0
5

SEND
558


0
5

SEND
559


0
5

SEND
560


0
5

SEND
561
Zone6 SRC1
F0 00 00 7F 00 05 71 05 02 00 00 00 F1 3E 00 00 00 00 00 01 30 F7
0
5

SEND
562
Zone6 SRC2
F0 00 00 7F 00 05 71 05 02 00 00 00 F1 3E 00 00 00 01 00 01 31 F7
0
5

SEND
563
Zone6 SRC3
F0 00 00 7F 00 05 71 05 02 00 00 00 F1 3E 00 00 00 02 00 01 32 F7
0
5

SEND
564
Zone6 SRC4
F0 00 00 7F 00 05 71 05 02 00 00 00 F1 3E 00 00 00 03 00 01 33 F7
0
5

SEND
565
Zone6 SRC5
F0 00 00 7F 00 05 71 05 02 00 00 00 F1 3E 00 00 00 04 00 01 34 F7
0
5

SEND
566
Zone6 SRC6
F0 00 00 7F 00 05 71 05 02 00 00 00 F1 3E 00 00 00 05 00 01 35 F7
0
5

SEND
567
Zone6 SRC7
F0 00 00 7F 00 05 71 05 02 00 00 00 F1 3E 00 00 00 06 00 01 36 F7
0
5

SEND
568
Zone6 SRC8
F0 00 00 7F 00 05 71 05 02 00 00 00 F1 3E 00 00 00 07 00 01 37 F7
0
5

SEND
569
Zone6 SRC9
F0 00 00 7F 00 05 71 05 02 00 00 00 F1 3E 00 00 00 08 00 01 38 F7
0
5

SEND
570
Zone6 SRC10
F0 00 00 7F 00 05 71 05 02 00 00 00 F1 3E 00 00 00 09 00 01 39 F7
0
5

SEND
571
Zone6 SRC11
F0 00 00 7F 00 05 71 05 02 00 00 00 F1 3E 00 00 00 0A 00 01 3A F7
0
5

SEND
572
Zone6 SRC12
F0 00 00 7F 00 05 71 05 02 00 00 00 F1 3E 00 00 00 0B 00 01 3B F7
0
5

SEND
573
Zone6 Bass Up
F0 00 00 7F 00 00 71 05 05 02 00 05 00 00 00 69 00 00 00 00 00 01 71 F7
0
5

SEND
574
Zone6 Bass Dn
F0 00 00 7F 00 00 71 05 05 02 00 05 00 00 00 6A 00 00 00 00 00 01 71 F7
0
5

SEND
575
Zone6 Treb Up
F0 00 00 7F 00 00 71 05 05 02 00 05 00 01 00 69 00 00 00 00 00 01 71 F7
0
5

SEND
576
Zone6 Treb Dn
F0 00 00 7F 00 00 71 05 05 02 00 05 00 01 00 6A 00 00 00 00 00 01 73 F7
0
5

SEND
577
Zone6 Loud On
F0 00 00 7F 00 00 71 00 05 02 00 05 00 02 00 00 00 01 00 01 00 01 07 F7
0
5

SEND
578
Zone6 Loud Off
F0 00 00 7F 00 00 71 00 05 02 00 05 00 02 00 00 00 01 00 01 00 00 06 F7
0
5

SEND
579
Zone6 More Left
F0 00 00 7F 00 00 71 05 05 02 00 05 00 03 00 6A 00 00 00 00 00 01 75 F7
0
5

SEND
580
Zone6 Center
F0 00 00 7F 00 00 71 00 05 02 00 05 00 03 00 00 00 01 00 01 00 0A 11 F7
0
5

SEND
581
Zone6 More Right
F0 00 00 7F 00 00 71 05 05 02 00 05 00 03 00 69 00 00 00 00 00 01 74 F7
0
5

SEND
582
Zone6 DND On
F0 00 00 7F 00 00 71 00 05 02 00 05 00 06 00 00 00 01 00 01 00 01 0B F7
0
5

SEND
583
Zone6 DND Off
F0 00 00 7F 00 00 71 00 05 02 00 05 00 06 00 00 00 01 00 01 00 00 0A F7
0
5

SEND
584
Zone6 Party Mode On
F0 00 00 7F 00 00 71 00 05 02 00 05 00 07 00 00 00 01 00 01 00 01 0C F7
0
5

SEND
585
Zone6 Party Mode Off
F0 00 00 7F 00 00 71 00 05 02 00 05 00 07 00 00 00 01 00 01 00 00 0B F7
0
5

SEND
586
Zone6 BG Green
F0 00 00 7F 00 00 71 00 05 02 00 05 00 05 00 00 00 01 00 01 00 02 0B F7
0
5

SEND
587
Zone6 BG Amber
F0 00 00 7F 00 00 71 00 05 02 00 05 00 05 00 00 00 01 00 01 00 01 0A F7
0
5

SEND
588
Zone6 1 Button
F0 00 00 7F 00 05 71 05 02 02 00 00 F1 40 00 00 00 01 00 01 35 F7
0
5

SEND
589
Zone6 2 Button
F0 00 00 7F 00 05 71 05 02 02 00 00 F1 40 00 00 00 02 00 01 36 F7
0
5

SEND
590
Zone6 3 Button
F0 00 00 7F 00 05 71 05 02 02 00 00 F1 40 00 00 00 03 00 01 37 F7
0
5

SEND
591
Zone6 4 Button
F0 00 00 7F 00 05 71 05 02 02 00 00 F1 40 00 00 00 04 00 01 38 F7
0
5

SEND
592
Zone6 5 Button
F0 00 00 7F 00 05 71 05 02 02 00 00 F1 40 00 00 00 05 00 01 39 F7
0
5

SEND
593
Zone6 6 Button
F0 00 00 7F 00 05 71 05 02 02 00 00 F1 40 00 00 00 06 00 01 3A F7
0
5

SEND
594
Zone6 7 Button
F0 00 00 7F 00 05 71 05 02 02 00 00 F1 40 00 00 00 07 00 01 3B F7
0
5

SEND
595
Zone6 8 Button
F0 00 00 7F 00 05 71 05 02 02 00 00 F1 40 00 00 00 08 00 01 3C F7
0
5

SEND
596
Zone6 9 Button
F0 00 00 7F 00 05 71 05 02 02 00 00 F1 40 00 00 00 09 00 01 3D F7
0
5

SEND
597
Zone6 0 Button
F0 00 00 7F 00 05 71 05 02 02 00 00 F1 40 00 00 00 0A 00 01 3E F7
0
5

SEND
598
Zone6 Enter
F0 00 00 7F 00 05 71 05 02 02 00 00 F1 40 00 00 00 11 00 01 45 F7
0
5

SEND
599
Zone6 Prev Chn
F0 00 00 7F 00 05 71 05 02 02 00 00 F1 40 00 00 00 12 00 01 46 F7
0
5

SEND
600
Zone6 Tv/Vid
F0 00 00 7F 00 05 71 05 02 02 00 00 F1 40 00 00 00 13 00 01 47 F7
0
5

SEND
601
Zone6 Tv/VCR
F0 00 00 7F 00 05 71 05 02 02 00 00 F1 40 00 00 00 14 00 01 48 F7
0
5

SEND
602
Zone6 A/B
F0 00 00 7F 00 05 71 05 02 02 00 00 F1 40 00 00 00 15 00 01 49 F7
0
5

SEND
603
Zone6 Tv/DVD
F0 00 00 7F 00 05 71 05 02 02 00 00 F1 40 00 00 00 16 00 01 4A F7
0
5

SEND
604
Zone6 Tv/LD
F0 00 00 7F 00 05 71 05 02 02 00 00 F1 40 00 00 00 17 00 01 4B F7
0
5

SEND
605
Zone6 Input
F0 00 00 7F 00 05 71 05 02 02 00 00 F1 40 00 00 00 18 00 01 4C F7
0
5

SEND
606
Zone6 Tv/DSS
F0 00 00 7F 00 05 71 05 02 02 00 00 F1 40 00 00 00 19 00 01 4D F7
0
5

SEND
607
Zone6 Record
F0 00 00 7F 00 05 71 05 02 02 00 00 F1 40 00 00 00 1F 00 01 53 F7
0
5

SEND
608
Zone6 Menu
F0 00 00 7F 00 05 71 05 02 02 00 00 F1 40 00 00 00 20 00 01 54 F7
0
5

SEND
609
Zone6 Menu Up
F0 00 00 7F 00 05 71 05 02 02 00 00 F1 40 00 00 00 21 00 01 55 F7
0
5

SEND
610
Zone6 Menu Dn
F0 00 00 7F 00 05 71 05 02 02 00 00 F1 40 00 00 00 22 00 01 56 F7
0
5

SEND
611
Zone6 Menu Lft
F0 00 00 7F 00 05 71 05 02 02 00 00 F1 40 00 00 00 23 00 01 57 F7
0
5

SEND
612
Zone6 Menu Rt
F0 00 00 7F 00 05 71 05 02 02 00 00 F1 40 00 00 00 24 00 01 58 F7
0
5

SEND
613


0
5

SEND
614
Zone6 Exit
F0 00 00 7F 00 05 71 05 02 02 00 00 F1 40 00 00 00 26 00 01 5A F7
0
5

SEND
615
Zone6 Display
F0 00 00 7F 00 05 71 05 02 02 00 00 F1 40 00 00 00 27 00 01 5B F7
0
5

SEND
616
Zone6 Guide
F0 00 00 7F 00 05 71 05 02 02 00 00 F1 40 00 00 00 28 00 01 5C F7
0
5

SEND
617
Zone6 Page Up
F0 00 00 7F 00 05 71 05 02 02 00 00 F1 40 00 00 00 29 00 01 5D F7
0
5

SEND
618
Zone6 Page Dn
F0 00 00 7F 00 05 71 05 02 02 00 00 F1 40 00 00 00 2A 00 01 5E F7
0
5

SEND
619
Zone6 Disk
F0 00 00 7F 00 05 71 05 02 02 00 00 F1 40 00 00 00 2B 00 01 5F F7
0
5

SEND
620
Zone6 Plus 10
F0 00 00 7F 00 05 71 05 02 02 00 00 F1 40 00 00 00 2C 00 01 60 F7
0
5

SEND
621
Zone6 Open/Close
F0 00 00 7F 00 05 71 05 02 02 00 00 F1 40 00 00 00 2D 00 01 61 F7
0
5

SEND
622
Zone6 Random
F0 00 00 7F 00 05 71 05 02 02 00 00 F1 40 00 00 00 2E 00 01 62 F7
0
5

SEND
623
Zone6 Tggl Surrnd
F0 00 00 7F 00 05 71 05 02 02 00 00 F1 40 00 00 00 31 00 01 65 F7
0
5

SEND
624
Zone6 Surrnd Mode
F0 00 00 7F 00 05 71 05 02 02 00 00 F1 40 00 00 00 32 00 01 66 F7
0
5

SEND
625
Zone6 Surrnd Up
F0 00 00 7F 00 05 71 05 02 02 00 00 F1 40 00 00 00 33 00 01 67 F7
0
5

SEND
626
Zone6 Surrnd Dn
F0 00 00 7F 00 05 71 05 02 02 00 00 F1 40 00 00 00 34 00 01 68 F7
0
5

SEND
627
Zone6 PIP
F0 00 00 7F 00 05 71 05 02 02 00 00 F1 40 00 00 00 35 00 01 69 F7
0
5

SEND
628
Zone6 PIP Move
F0 00 00 7F 00 05 71 05 02 02 00 00 F1 40 00 00 00 36 00 01 6A F7
0
5

SEND
629
Zone6 PIP Swap
F0 00 00 7F 00 05 71 05 02 02 00 00 F1 40 00 00 00 37 00 01 6B F7
0
5

SEND
630
Zone6 Program
F0 00 00 7F 00 05 71 05 02 02 00 00 F1 40 00 00 00 38 00 01 6C F7
0
5

SEND
631
Zone6 Sleep
F0 00 00 7F 00 05 71 05 02 02 00 00 F1 40 00 00 00 39 00 01 6D F7
0
5

SEND
632
Zone6 On
F0 00 00 7F 00 05 71 05 02 02 00 00 F1 40 00 00 00 3A 00 01 6E F7
0
5

SEND
633
Zone6 Off
F0 00 00 7F 00 05 71 05 02 02 00 00 F1 40 00 00 00 3B 00 01 6F F7
0
5

SEND
634
Zone6 Am/Fm
F0 00 00 7F 00 05 71 05 02 02 00 00 F1 40 00 00 00 47 00 01 7B F7
0
5

SEND
635
Zone6 Cue
F0 00 00 7F 00 05 71 05 02 02 00 00 F1 40 00 00 00 48 00 01 7C F7
0
5

SEND
636
Zone6 Disk Up
F0 00 00 7F 00 05 71 05 02 02 00 00 F1 40 00 00 00 49 00 01 7D F7
0
5

SEND
637
Zone6 Disk Dn
F0 00 00 7F 00 05 71 05 02 02 00 00 F1 40 00 00 00 4A 00 01 7E F7
0
5

SEND
638
Zone6 Info
F0 00 00 7F 00 05 71 05 02 02 00 00 F1 40 00 00 00 4B 00 01 7F F7
0
5

SEND
639
Zone6 Power
F0 00 00 7F 00 05 71 05 02 02 00 00 F1 40 00 00 00 10 00 01 44 F7
0
5

SEND
640
Zone6 Bright
F0 00 00 7F 00 05 71 05 02 02 00 00 F1 40 00 00 00 42 00 01 76 F7
0
5

SEND
641
Zone6 Dim
F0 00 00 7F 00 05 71 05 02 02 00 00 F1 40 00 00 00 43 00 01 77 F7
0
5

SEND
642
Zone6 Stop2
F0 00 00 7F 00 05 71 05 02 02 00 00 F1 40 00 00 00 46 00 01 7A F7
0
5

SEND
643
Zone7 On
F0 00 00 7F 00 06 71 05 02 02 00 00 F1 23 00 01 00 06 00 01 1F F7
0
5

SEND
644
Zone7 Off
F0 00 00 7F 00 06 71 05 02 02 00 00 F1 23 00 00 00 06 00 01 1E F7
0
5

SEND
645
Zone7 Vol Up
F0 00 00 7F 00 06 71 05 02 02 00 00 7F 00 00 00 00 00 01 02 F7
0
5

SEND
646
Zone7 Vol DN
F0 00 00 7F 00 06 71 05 02 02 00 00 F1 7F 00 00 00 00 00 01 74 F7
0
5

SEND
647
Zone7 Mute
F0 00 00 7F 00 06 71 05 02 02 00 00 F1 40 00 00 00 0D 00 01 42 F7
0
5

SEND
648
Zone7 Play
F0 00 00 7F 00 06 71 05 02 02 00 00 73 00 00 00 00 00 01 76 F7
0
5

SEND
649
Zone7 Stop
F0 00 00 7F 00 06 71 05 02 02 00 00 6D 00 00 00 00 00 01 70 F7
0
5

SEND
650
Zone7 Pause
F0 00 00 7F 00 06 71 05 02 02 00 00 6E 00 00 00 00 00 01 71 F7
0
5

SEND
651
Zone7 F1
F0 00 00 7F 00 06 71 05 02 02 00 00 6F 00 00 00 00 00 01 71 F7
0
5

SEND
652
Zone7 F2
F0 00 00 7F 00 06 71 05 02 02 00 00 71 00 00 00 00 00 01 73 F7
0
5

SEND
653
Zone7 Prev
F0 00 00 7F 00 06 71 05 02 02 00 00 67 00 00 00 00 00 01 6A F7
0
5

SEND
654
Zone7 Next
F0 00 00 7F 00 06 71 05 02 02 00 00 68 00 00 00 00 00 01 6B F7
0
5

SEND
655
Zone7 Plus
F0 00 00 7F 00 06 71 05 02 02 00 00 69 00 00 00 00 00 01 6C F7
0
5

SEND
656
Zone7 Minus
F0 00 00 7F 00 06 71 05 02 02 00 00 6A 00 00 00 00 00 01 6D F7
0
5

SEND
657
Zone7 Ch Up
F0 00 00 7F 00 06 71 05 02 02 00 00 F1 40 00 00 00 0E 00 01 43 F7
0
5

SEND
658
Zone7 Ch Dn
F0 00 00 7F 00 06 71 05 02 02 00 00 F1 40 00 00 00 0F 00 01 44 F7
0
5

SEND
659
Zone7 Srch Fwd
F0 00 00 7F 00 06 71 05 02 02 00 00 F1 40 00 00 00 1C 00 01 51 F7
0
5

SEND
660
Zone7 Srch Rev
F0 00 00 7F 00 06 71 05 02 02 00 00 F1 40 00 00 00 1D 00 01 52 F7
0
5

SEND
661
Zone7 SRC1
F0 00 00 7F 00 06 71 05 02 00 00 00 F1 3E 00 00 00 00 00 01 31 F7
0
5

SEND
662
Zone7 SRC2
F0 00 00 7F 00 06 71 05 02 00 00 00 F1 3E 00 00 00 01 00 01 32 F7
0
5

SEND
663
Zone7 SRC3
F0 00 00 7F 00 06 71 05 02 00 00 00 F1 3E 00 00 00 02 00 01 33 F7
0
5

SEND
664
Zone7 SRC4
F0 00 00 7F 00 06 71 05 02 00 00 00 F1 3E 00 00 00 03 00 01 34 F7
0
5

SEND
665
Zone7 SRC5
F0 00 00 7F 00 06 71 05 02 00 00 00 F1 3E 00 00 00 04 00 01 35 F7
0
5

SEND
666
Zone7 SRC6
F0 00 00 7F 00 06 71 05 02 00 00 00 F1 3E 00 00 00 05 00 01 36 F7
0
5

SEND
667
Zone7 SRC7F0 00 00 7F 00 06 71 05 02 00 00 00 F1 3E 00 00 00 06 00 01 37 F7

5
0

SEND
668
Zone7 SRC8
F0 00 00 7F 00 06 71 05 02 00 00 00 F1 3E 00 00 00 07 00 01 38 F7
0
5

SEND
669
Zone7 SRC9
F0 00 00 7F 00 06 71 05 02 00 00 00 F1 3E 00 00 00 08 00 01 39 F7
0
5

SEND
670
Zone7 SRC10
F0 00 00 7F 00 06 71 05 02 00 00 00 F1 3E 00 00 00 09 00 01 3A F7
0
5

SEND
671
Zone7 SRC11
F0 00 00 7F 00 06 71 05 02 00 00 00 F1 3E 00 00 00 0A 00 01 3B F7
0
5

SEND
672
Zone7 SRC12
F0 00 00 7F 00 06 71 05 02 00 00 00 F1 3E 00 00 00 0B 00 01 3A F7
0
5

SEND
673
Zone7 Bass Up
F0 00 00 7F 00 00 71 05 05 02 00 06 00 00 00 69 00 00 00 00 00 01 71 F7
0
5

SEND
674
Zone7 Bass Dn
F0 00 00 7F 00 00 71 05 05 02 00 06 00 00 00 6A 00 00 00 00 00 01 73 F7
0
5

SEND
675
Zone7 Treb Up
F0 00 00 7F 00 00 71 05 05 02 00 06 00 01 00 69 00 00 00 00 00 01 73 F7
0
5

SEND
676
Zone7 Treb Dn
F0 00 00 7F 00 00 71 05 05 02 00 06 00 01 00 6A 00 00 00 00 00 01 74 F7
0
5

SEND
677
Zone7 Loud On
F0 00 00 7F 00 00 71 00 05 02 00 06 00 02 00 00 00 01 00 01 00 01 08 F7
0
5

SEND
678


0
5

SEND
679
Zone7 Loud Off
F0 00 00 7F 00 00 71 00 05 02 00 06 00 02 00 00 00 01 00 01 00 00 07 F7
0
5

SEND
680
Zone7 More Left
F0 00 00 7F 00 00 71 05 05 02 00 06 00 03 00 6A 00 00 00 00 00 01 76 F7
0
5

SEND
681
Zone7 Center
F0 00 00 7F 00 00 71 00 05 02 00 06 00 03 00 00 00 01 00 01 00 0A 12 F7
0
5

SEND
682
Zone7 More Right
F0 00 00 7F 00 00 71 05 05 02 00 06 00 03 00 69 00 00 00 00 00 01 73 F7
0
5

SEND
683
Zone7 DND On
F0 00 00 7F 00 00 71 00 05 02 00 06 00 06 00 00 00 01 00 01 00 01 0C F7
0
5

SEND
684
Zone7 DND Off
F0 00 00 7F 00 00 71 00 05 02 00 06 00 06 00 00 00 01 00 01 00 00 0B F7
0
5

SEND
685
Zone7 Party Mode On
F0 00 00 7F 00 00 71 00 05 02 00 06 00 07 00 00 00 01 00 01 00 01 0D F7
0
5

SEND
686
Zone7 Party Mode Off
F0 00 00 7F 00 00 71 00 05 02 00 06 00 07 00 00 00 01 00 01 00 00 0C F7
0
5

SEND
687
Zone7 BG Green
F0 00 00 7F 00 00 71 00 05 02 00 06 00 05 00 00 00 01 00 01 00 02 0C F7
0
5

SEND
688
Zone7 BG Amber
F0 00 00 7F 00 00 71 00 05 02 00 06 00 05 00 00 00 01 00 01 00 01 0B F7
0
5

SEND
689
Zone7 1 Button
F0 00 00 7F 00 06 71 05 02 02 00 00 F1 40 00 00 00 01 00 01 36 F7
0
5

SEND
690
Zone7 2 Button
F0 00 00 7F 00 06 71 05 02 02 00 00 F1 40 00 00 00 02 00 01 37 F7
0
5

SEND
691
Zone7 3 Button
F0 00 00 7F 00 06 71 05 02 02 00 00 F1 40 00 00 00 03 00 01 38 F7
0
5

SEND
692
Zone7 4 Button
F0 00 00 7F 00 06 71 05 02 02 00 00 F1 40 00 00 00 04 00 01 39 F7
0
5

SEND
693
Zone7 5 Button
F0 00 00 7F 00 06 71 05 02 02 00 00 F1 40 00 00 00 05 00 01 3A F7
0
5

SEND
694
Zone7 6 Button
F0 00 00 7F 00 06 71 05 02 02 00 00 F1 40 00 00 00 06 00 01 3B F7
0
5

SEND
695
Zone7 7 Button
F0 00 00 7F 00 06 71 05 02 02 00 00 F1 40 00 00 00 07 00 01 3C F7
0
5

SEND
696
Zone7 8 Button
F0 00 00 7F 00 06 71 05 02 02 00 00 F1 40 00 00 00 08 00 01 3D F7
0
5

SEND
697
Zone7 9 Button
F0 00 00 7F 00 06 71 05 02 02 00 00 F1 40 00 00 00 09 00 01 3E F7
0
5

SEND
698
Zone7 0 Button
F0 00 00 7F 00 06 71 05 02 02 00 00 F1 40 00 00 00 0A 00 01 3F F7
0
5

SEND
699
Zone7 Enter
F0 00 00 7F 00 06 71 05 02 02 00 00 F1 40 00 00 00 11 00 01 46 F7
0
5

SEND
700
Zone7 Prev Chn
F0 00 00 7F 00 06 71 05 02 02 00 00 F1 40 00 00 00 12 00 01 47 F7
0
5

SEND
701
Zone7 Tv/Vid
F0 00 00 7F 00 06 71 05 02 02 00 00 F1 40 00 00 00 13 00 01 48 F7
0
5

SEND
702
Zone7 Tv/VCR
F0 00 00 7F 00 06 71 05 02 02 00 00 F1 40 00 00 00 14 00 01 49 F7
0
5

SEND
703
Zone7 A/B
F0 00 00 7F 00 06 71 05 02 02 00 00 F1 40 00 00 00 15 00 01 4A F7
0
5

SEND
704
Zone7 Tv/DVD
F0 00 00 7F 00 06 71 05 02 02 00 00 F1 40 00 00 00 16 00 01 4B F7
0
5

SEND
705
Zone7 Tv/LD
F0 00 00 7F 00 06 71 05 02 02 00 00 F1 40 00 00 00 17 00 01 4C F7
0
5

SEND
706
Zone7 Input
F0 00 00 7F 00 06 71 05 02 02 00 00 F1 40 00 00 00 18 00 01 4D F7
0
5

SEND
707
Zone7 Tv/DSS
F0 00 00 7F 00 06 71 05 02 02 00 00 F1 40 00 00 00 19 00 01 4E F7
0
5

SEND
708
Zone7 Record
F0 00 00 7F 00 06 71 05 02 02 00 00 F1 40 00 00 00 1F 00 01 54 F7
0
5

SEND
709
Zone7 Menu
F0 00 00 7F 00 06 71 05 02 02 00 00 F1 40 00 00 00 20 00 01 55 F7
0
5

SEND
710
Zone7Menu Up
F0 00 00 7F 00 06 71 05 02 02 00 00 F1 40 00 00 00 21 00 01 56 F7
0
5

SEND
711
Zone7 Menu Dn
F0 00 00 7F 00 06 71 05 02 02 00 00 F1 40 00 00 00 22 00 01 57 F7
0
5

SEND
712
Zone7 Menu Lft
F0 00 00 7F 00 06 71 05 02 02 00 00 F1 40 00 00 00 23 00 01 58 F7
0
5

SEND
713
Zone7 Menu Rt
F0 00 00 7F 00 06 71 05 02 02 00 00 F1 40 00 00 00 24 00 01 59 F7
0
5

SEND
714
Zone7 Select
F0 00 00 7F 00 06 71 05 02 02 00 00 F1 40 00 00 00 25 00 01 5A F7
0
5

SEND
715
Zone7 Exit
F0 00 00 7F 00 06 71 05 02 02 00 00 F1 40 00 00 00 26 00 01 5B F7
0
5

SEND
716
Zone7Display
F0 00 00 7F 00 06 71 05 02 02 00 00 F1 40 00 00 00 27 00 01 5C F7
0
5

SEND
717
Zone7 Guide
F0 00 00 7F 00 06 71 05 02 02 00 00 F1 40 00 00 00 28 00 01 5D F7
0
5

SEND
718
Zone7 Page Up
F0 00 00 7F 00 05 71 05 02 02 00 00 F1 40 00 00 00 29 00 01 5E F7
0
5

SEND
719
Zone7 Page Dn
F0 00 00 7F 00 06 71 05 02 02 00 00 F1 40 00 00 00 2A 00 01 5F F7
0
5

SEND
720
Zone7 Disk
F0 00 00 7F 00 06 71 05 02 02 00 00 F1 40 00 00 00 2B 00 01 60 F7
0
5

SEND
721
Zone7 Plus 10
F0 00 00 7F 00 06 71 05 02 02 00 00 F1 40 00 00 00 2C 00 01 61 F7
0
5

SEND
722
Zone7 Open/Close
F0 00 00 7F 00 06 71 05 02 02 00 00 F1 40 00 00 00 2D 00 01 62 F7
0
5

SEND
723
Zone7 Random
F0 00 00 7F 00 06 71 05 02 02 00 00 F1 40 00 00 00 2E 00 01 63 F7
0
5

SEND
724
Zone7 Tggl Surrnd
F0 00 00 7F 00 06 71 05 02 02 00 00 F1 40 00 00 00 31 00 01 66 F7
0
5

SEND
725
Zone7 Surrnd Mode
F0 00 00 7F 00 06 71 05 02 02 00 00 F1 40 00 00 00 32 00 01 67 F7
0
5

SEND
726
Zone7 Surrnd Up
F0 00 00 7F 00 06 71 05 02 02 00 00 F1 40 00 00 00 33 00 01 68 F7
0
5

SEND
727
Zone7 Surrnd Dn
F0 00 00 7F 00 06 71 05 02 02 00 00 F1 40 00 00 00 34 00 01 69 F7
0
5

SEND
728
Zone7PIP
F0 00 00 7F 00 06 71 05 02 02 00 00 F1 40 00 00 00 35 00 01 6A F7
0
5

SEND
729
Zone7 PIP Move
F0 00 00 7F 00 06 71 05 02 02 00 00 F1 40 00 00 00 36 00 01 6B F7
0
5

SEND
730
Zone7 PIP Swap
F0 00 00 7F 00 06 71 05 02 02 00 00 F1 40 00 00 00 37 00 01 6C F7
0
5

SEND
731
Zone7 Program
F0 00 00 7F 00 06 71 05 02 02 00 00 F1 40 00 00 00 38 00 01 6D F7
0
5

SEND
732
Zone7 Sleep
F0 00 00 7F 00 06 71 05 02 02 00 00 F1 40 00 00 00 39 00 01 6E F7
0
5

SEND
733
Zone7 On
F0 00 00 7F 00 06 71 05 02 02 00 00 F1 40 00 00 00 3A 00 01 6F F7
0
5

SEND
734
Zone7 Off
F0 00 00 7F 00 06 71 05 02 02 00 00 F1 40 00 00 00 3B 00 01 70 F7
0
5

SEND
735
Zone7 Am/Fm
F0 00 00 7F 00 06 71 05 02 02 00 00 F1 40 00 00 00 47 00 01 7C F7
0
5

SEND
736
Zone7 Cue
F0 00 00 7F 00 06 71 05 02 02 00 00 F1 40 00 00 00 48 00 01 7D F7
0
5

SEND
737
Zone7 Disk Up
F0 00 00 7F 00 06 71 05 02 02 00 00 F1 40 00 00 00 49 00 01 7E F7
0
5

SEND
738
Zone7 Disk Dn
F0 00 00 7F 00 06 71 05 02 02 00 00 F1 40 00 00 00 4A 00 01 7F F7
0
5

SEND
739
Zone7Info
F0 00 00 7F 00 06 71 05 02 02 00 00 F1 40 00 00 00 4B 00 01 00 F7
0
5

SEND
740
Zone7 Power
F0 00 00 7F 00 06 71 05 02 02 00 00 F1 40 00 00 00 10 00 01 45 F7
0
5

SEND
741
Zone7 Bright
F0 00 00 7F 00 06 71 05 02 02 00 00 F1 40 00 00 00 42 00 01 77 F7
0
5

SEND
742
Zone7 Dim
F0 00 00 7F 00 06 71 05 02 02 00 00 F1 40 00 00 00 43 00 01 78 F7
0
5

SEND
743
Zone7 Stop2
F0 00 00 7F 00 06 71 05 02 02 00 00 F1 40 00 00 00 46 00 01 7B F7
0
5

SEND
744
Zone8 On
F0 00 00 7F 00 07 71 05 02 02 00 00 F1 23 00 01 00 07 00 01 21 F7
0
5

SEND
745
Zone8 Off
F0 00 00 7F 00 07 71 05 02 02 00 00 F1 23 00 00 00 07 00 01 20 F7
0
5

SEND
746
Zone8 Vol Up
F0 00 00 7F 00 07 71 05 02 02 00 00 7F 00 00 00 00 00 01 03 F7
0
5

SEND
747
Zone8 Vol DN
F0 00 00 7F 00 07 71 05 02 02 00 00 F1 7F 00 00 00 00 00 01 75 F7
0
5

SEND
748
Zone8 Mute
F0 00 00 7F 00 07 71 05 02 02 00 00 F1 40 00 00 00 0D 00 01 43 F7
0
5

SEND
749
Zone8 Play
F0 00 00 7F 00 07 71 05 02 02 00 00 73 00 00 00 00 00 01 77 F7
0
5

SEND
750
Zone8 Stop
F0 00 00 7F 00 07 71 05 02 02 00 00 6D 00 00 00 00 00 01 71 F7
0
5

SEND
751
Zone8 Pause
F0 00 00 7F 00 07 71 05 02 02 00 00 6E 00 00 00 00 00 01 71 F7
0
5

SEND
752
Zone8 F1
F0 00 00 7F 00 07 71 05 02 02 00 00 6F 00 00 00 00 00 01 73 F7
0
5

SEND
753
Zone8 F2
F0 00 00 7F 00 07 71 05 02 02 00 00 71 00 00 00 00 00 01 74 F7
0
5

SEND
754
Zone8 Prev
F0 00 00 7F 00 07 71 05 02 02 00 00 67 00 00 00 00 00 01 6B F7
0
5

SEND
755
Zone8 Next
F0 00 00 7F 00 07 71 05 02 02 00 00 68 00 00 00 00 00 01 6C F7
0
5

SEND
756
Zone8 Plus
F0 00 00 7F 00 07 71 05 02 02 00 00 69 00 00 00 00 00 01 6D F7
0
5

SEND
757
Zone8 Minus
F0 00 00 7F 00 07 71 05 02 02 00 00 6A 00 00 00 00 00 01 6E F7
0
5

SEND
758
Zone8 Ch Up
F0 00 00 7F 00 07 71 05 02 02 00 00 F1 40 00 00 00 0E 00 01 44 F7
0
5

SEND
759
Zone8 Ch Dn
F0 00 00 7F 00 07 71 05 02 02 00 00 F1 40 00 00 00 0F 00 01 45 F7
0
5

SEND
760
Zone8 Srch Fwd
F0 00 00 7F 00 07 71 05 02 02 00 00 F1 40 00 00 00 1C 00 01 52 F7
0
5

SEND
761
Zone8 Srch Rev
F0 00 00 7F 00 07 71 05 02 02 00 00 F1 40 00 00 00 1D 00 01 53 F7
0
5

SEND
762
Zone8 SRC1
F0 00 00 7F 00 07 71 05 02 00 00 00 F1 3E 00 00 00 00 00 01 32 F7
0
5

SEND
763
Zone8 SRC2
F0 00 00 7F 00 07 71 05 02 00 00 00 F1 3E 00 00 00 01 00 01 33 F7
0
5

SEND
764
Zone8 SRC3
F0 00 00 7F 00 07 71 05 02 00 00 00 F1 3E 00 00 00 02 00 01 34 F7
0
5

SEND
765
Zone8 SRC4
F0 00 00 7F 00 07 71 05 02 00 00 00 F1 3E 00 00 00 03 00 01 35 F7
0
5

SEND
766
Zone8 SRC5
F0 00 00 7F 00 07 71 05 02 00 00 00 F1 3E 00 00 00 04 00 01 36 F7
0
5

SEND
767
Zone8 SRC6
F0 00 00 7F 00 07 71 05 02 00 00 00 F1 3E 00 00 00 05 00 01 37 F7
0
5

SEND
768
Zone8 SRC7
F0 00 00 7F 00 07 71 05 02 00 00 00 F1 3E 00 00 00 06 00 01 38 F7
0
5

SEND
769
Zone8 SRC8
F0 00 00 7F 00 07 71 05 02 00 00 00 F1 3E 00 00 00 07 00 01 39 F7
0
5

SEND
770
Zone8 SRC9
F0 00 00 7F 00 07 71 05 02 00 00 00 F1 3E 00 00 00 08 00 01 3A F7
0
5

SEND
771
Zone8 SRC10
F0 00 00 7F 00 07 71 05 02 00 00 00 F1 3E 00 00 00 09 00 01 3B F7
0
5

SEND
772
Zone8 SRC11
F0 00 00 7F 00 07 71 05 02 00 00 00 F1 3E 00 00 00 0A 00 01 3C F7
0
5

SEND
773
Zone8 SRC12
F0 00 00 7F 00 07 71 05 02 00 00 00 F1 3E 00 00 00 0B 00 01 3D F7
0
5

SEND
774
Zone8 Bass Up
F0 00 00 7F 00 00 71 05 05 02 00 07 00 00 00 69 00 00 00 00 00 01 73 F7
0
5

SEND
775
Zone8 Bass Dn
F0 00 00 7F 00 00 71 05 05 02 00 07 00 00 00 6A 00 00 00 00 00 01 74 F7
0
5

SEND
776
Zone8 Treb Up
F0 00 00 7F 00 00 71 05 05 02 00 07 00 01 00 69 00 00 00 00 00 01 74 F7
0
5

SEND
777
Zone8 Treb Dn
F0 00 00 7F 00 00 71 05 05 02 00 07 00 01 00 6A 00 00 00 00 00 01 75 F7
0
5

SEND
778
Zone8 Loud On
F0 00 00 7F 00 00 71 00 05 02 00 07 00 02 00 00 00 01 00 01 00 01 09 F7
0
5

SEND
779
Zone8 Loud Off
F0 00 00 7F 00 00 71 00 05 02 00 07 00 02 00 00 00 01 00 01 00 00 08 F7
0
5

SEND
780
Zone8 More Left
F0 00 00 7F 00 00 71 05 05 02 00 07 00 03 00 6A 00 00 00 00 00 01 77 F7
0
5

SEND
781
Zone8 Center
F0 00 00 7F 00 00 71 00 05 02 00 07 00 03 00 00 00 01 00 01 00 0A 13 F7
0
5

SEND
782
Zone8 More Right
F0 00 00 7F 00 00 71 05 05 02 00 07 00 03 00 69 00 00 00 00 00 01 75 F7
0
5

SEND
783
Zone8 DND On
F0 00 00 7F 00 00 71 00 05 02 00 07 00 06 00 00 00 01 00 01 00 01 0D F7
0
5

SEND
784
Zone8 DND Off
F0 00 00 7F 00 00 71 00 05 02 00 07 00 06 00 00 00 01 00 01 00 00 0C F7
0
5

SEND
785
Zone8 Party Mode On
F0 00 00 7F 00 00 71 00 05 02 00 07 00 07 00 00 00 01 00 01 00 01 0E F7
0
5

SEND
786
Zone8 Party Mode Off
F0 00 00 7F 00 00 71 00 05 02 00 07 00 07 00 00 00 01 00 01 00 00 0D F7
0
5

SEND
787
Zone8 BG Green
F0 00 00 7F 00 00 71 00 05 02 00 07 00 05 00 00 00 01 00 01 00 02 0D F7
0
5

SEND
788
Zone8 BG Amber
F0 00 00 7F 00 00 71 00 05 02 00 07 00 05 00 00 00 01 00 01 00 01 0C F7
0
5

SEND
789
Zone8 1 Button
F0 00 00 7F 00 07 71 05 02 02 00 00 F1 40 00 00 00 01 00 01 37 F7
0
5

SEND
790
Zone8 2 Button
F0 00 00 7F 00 07 71 05 02 02 00 00 F1 40 00 00 00 02 00 01 38 F7
0
5

SEND
791
Zone8 3 Button
F0 00 00 7F 00 07 71 05 02 02 00 00 F1 40 00 00 00 03 00 01 39 F7
0
5

SEND
792
Zone8 4 Button
F0 00 00 7F 00 07 71 05 02 02 00 00 F1 40 00 00 00 04 00 01 3A F7
0
5

SEND
793
Zone8 5 Button
F0 00 00 7F 00 07 71 05 02 02 00 00 F1 40 00 00 00 05 00 01 3B F7
0
5

SEND
794
Zone8 6 Button
F0 00 00 7F 00 07 71 05 02 02 00 00 F1 40 00 00 00 06 00 01 3C F7
0
5

SEND
795
Zone8 7 Button
F0 00 00 7F 00 07 71 05 02 02 00 00 F1 40 00 00 00 07 00 01 3D F7
0
5

SEND
796
Zone8 8 Button
F0 00 00 7F 00 07 71 05 02 02 00 00 F1 40 00 00 00 08 00 01 3E F7
0
5

SEND
797
Zone8 9 Button
F0 00 00 7F 00 07 71 05 02 02 00 00 F1 40 00 00 00 09 00 01 3F F7
0
5

SEND
798
Zone8 0 Button
F0 00 00 7F 00 07 71 05 02 02 00 00 F1 40 00 00 00 0A 00 01 40 F7
0
5

SEND
799
Zone8 Enter
F0 00 00 7F 00 07 71 05 02 02 00 00 F1 40 00 00 00 11 00 01 47 F7
0
5

SEND
800
Zone8 Prev Chn
F0 00 00 7F 00 07 71 05 02 02 00 00 F1 40 00 00 00 12 00 01 48 F7
0
5

SEND
801
Zone8 Tv/Vid
F0 00 00 7F 00 07 71 05 02 02 00 00 F1 40 00 00 00 13 00 01 49 F7
0
5

SEND
802
Zone8 Tv/VCR
F0 00 00 7F 00 07 71 05 02 02 00 00 F1 40 00 00 00 14 00 01 4A F7
0
5

SEND
803
Zone8 A/B
F0 00 00 7F 00 07 71 05 02 02 00 00 F1 40 00 00 00 15 00 01 4B F7
0
5

SEND
804
Zone8 Tv/DVD
F0 00 00 7F 00 07 71 05 02 02 00 00 F1 40 00 00 00 16 00 01 4C F7
0
5

SEND
805
Zone8 Tv/LD
F0 00 00 7F 00 07 71 05 02 02 00 00 F1 40 00 00 00 17 00 01 4D F7
0
5

SEND
806
Zone8 Input
F0 00 00 7F 00 07 71 05 02 02 00 00 F1 40 00 00 00 18 00 01 F7
0
5

SEND
807
Zone8 Tv/DSS
F0 00 00 7F 00 07 71 05 02 02 00 00 F1 40 00 00 00 19 00 01 4F F7
0
5

SEND
808
Zone8 Record
F0 00 00 7F 00 07 71 05 02 02 00 00 F1 40 00 00 00 1F 00 01 55 F7
0
5

SEND
809
Zone8Menu
F0 00 00 7F 00 07 71 05 02 02 00 00 F1 40 00 00 00 20 00 01 56 F7
0
5

SEND
810
Zone8 Menu Up
F0 00 00 7F 00 07 71 05 02 02 00 00 F1 40 00 00 00 21 00 01 57 F7
0
5

SEND
811
Zone8 Menu Dn
F0 00 00 7F 00 07 71 05 02 02 00 00 F1 40 00 00 00 22 00 01 58 F7
0
5

SEND
812
Zone8 Menu Lft
F0 00 00 7F 00 07 71 05 02 02 00 00 F1 40 00 00 00 23 00 01 59 F7
0
5

SEND
813
Zone8 Menu Rt
F0 00 00 7F 00 07 71 05 02 02 00 00 F1 40 00 00 00 24 00 01 5A F7
0
5

SEND
814
Zone8 Select
F0 00 00 7F 00 07 71 05 02 02 00 00 F1 40 00 00 00 25 00 01 5B F7
0
5

SEND
815
Zone8 Exit
F0 00 00 7F 00 07 71 05 02 02 00 00 F1 40 00 00 00 26 00 01 5C F7
0
5

SEND
816
Zone8Display
F0 00 00 7F 00 07 71 05 02 02 00 00 F1 40 00 00 00 27 00 01 5D F7
0
5

SEND
817
Zone8 Guide
F0 00 00 7F 00 07 71 05 02 02 00 00 F1 40 00 00 00 28 00 01 5E F7
0
5

SEND
818
Zone8 Page Up
F0 00 00 7F 00 05 71 05 02 02 00 00 F1 40 00 00 00 29 00 01 5F F7
0
5

SEND
819
Zone8 Page Dn
F0 00 00 7F 00 07 71 05 02 02 00 00 F1 40 00 00 00 2A 00 01 60 F7
0
5

SEND
820
Zone8 Disk
F0 00 00 7F 00 07 71 05 02 02 00 00 F1 40 00 00 00 2B 00 01 61 F7
0
5

SEND
821
Zone8 Plus 10
F0 00 00 7F 00 07 71 05 02 02 00 00 F1 40 00 00 00 2C 00 01 62 F7
0
5

SEND
822
Zone8 Open/Close
F0 00 00 7F 00 07 71 05 02 02 00 00 F1 40 00 00 00 2D 00 01 63 F7
0
5

SEND
823
Zone8 Random
F0 00 00 7F 00 07 71 05 02 02 00 00 F1 40 00 00 00 2E 00 01 64 F7
0
5

SEND
824
Zone8Tggl Surrnd
F0 00 00 7F 00 07 71 05 02 02 00 00 F1 40 00 00 00 31 00 01 67 F7
0
5

SEND
825
Zone8 Surrnd Mode
F0 00 00 7F 00 07 71 05 02 02 00 00 F1 40 00 00 00 32 00 01 68 F7
0
5

SEND
826
Zone8 Surrnd Up
F0 00 00 7F 00 07 71 05 02 02 00 00 F1 40 00 00 00 33 00 01 69 F7
0
5

SEND
827
Zone8 Surrnd Dn
F0 00 00 7F 00 07 71 05 02 02 00 00 F1 40 00 00 00 34 00 01 6A F7
0
5

SEND
828
Zone8PIP
F0 00 00 7F 00 07 71 05 02 02 00 00 F1 40 00 00 00 35 00 01 6B F7
0
5

SEND
829
Zone8 PIP Move
F0 00 00 7F 00 07 71 05 02 02 00 00 F1 40 00 00 00 36 00 01 6C F7
0
5

SEND
830
Zone8 PIP Swap
F0 00 00 7F 00 07 71 05 02 02 00 00 F1 40 00 00 00 37 00 01 6D F7
0
5

SEND
831
Zone8 Program
F0 00 00 7F 00 07 71 05 02 02 00 00 F1 40 00 00 00 38 00 01 6E F7
0
5

SEND
832
Zone8 Sleep
F0 00 00 7F 00 07 71 05 02 02 00 00 F1 40 00 00 00 39 00 01 6F F7
0
5

SEND
833
Zone8 On
F0 00 00 7F 00 07 71 05 02 02 00 00 F1 40 00 00 00 3A 00 01 70 F7
0
5

SEND
834
Zone8 Off
F0 00 00 7F 00 07 71 05 02 02 00 00 F1 40 00 00 00 3B 00 01 72 F7
0
5

SEND
835
Zone8 Am/Fm
F0 00 00 7F 00 07 71 05 02 02 00 00 F1 40 00 00 00 47 00 01 7D F7
0
5

SEND
836
Zone8 Cue
F0 00 00 7F 00 07 71 05 02 02 00 00 F1 40 00 00 00 48 00 01 7E F7
0
5

SEND
837
Zone8 Disk Up
F0 00 00 7F 00 07 71 05 02 02 00 00 F1 40 00 00 00 49 00 01 7F F7
0
5

SEND
838
Zone8 Disk Dn
F0 00 00 7F 00 07 71 05 02 02 00 00 F1 40 00 00 00 4A 00 01 00 F7
0
5

SEND
839
Zone8 Info
F0 00 00 7F 00 07 71 05 02 02 00 00 F1 40 00 00 00 4B 00 01 81 F7
0
5

SEND
840
Zone8 Power
F0 00 00 7F 00 07 71 05 02 02 00 00 F1 40 00 00 00 10 00 01 46 F7
0
5

SEND
841
Zone8 Bright
F0 00 00 7F 00 07 71 05 02 02 00 00 F1 40 00 00 00 42 00 01 78 F7
0
5

SEND
842
Zone8 Dim
F0 00 00 7F 00 07 71 05 02 02 00 00 F1 40 00 00 00 43 00 01 79 F7
0
5

SEND
843
Zone8 Stop2
F0 00 00 7F 00 07 71 05 02 02 00 00 F1 40 00 00 00 46 00 01 7C F7
0
5

